name,Mean,MCSE,StdDev,5%,50%,95%,N_Eff,N_Eff/s,R_hat
"lp__",-1722.06,0.297549,11.2128,-1741.21,-1721.82,-1704.2,1420.08,inf,0.999793
"accept_stat__",0.897287,0.00224754,0.133793,0.642612,0.943626,0.996675,3543.65,inf,1.0001
"stepsize__",0.055721,7.16317e-16,5.06593e-16,0.055721,0.055721,0.055721,0.500158,inf,0.999789
"treedepth__",5.99895,0.00113541,0.078195,6,6,6,4743,inf,1.00038
"n_leapfrog__",63.7854,0.126862,8.61065,63,63,63,4606.91,inf,1.00007
"divergent__",0.00126502,0.000516171,0.0355484,0,0,0,4743,inf,0.99993
"energy__",1805.52,0.396427,14.2987,1782.01,1805.31,1829.23,1300.97,inf,0.999836
"b",-0.374497,0.00732456,0.346628,-0.889333,-0.399932,0.230418,2239.57,inf,0.999792
"v_age_sigma",0.230062,0.00324179,0.148709,0.0725942,0.194772,0.509064,2104.3,inf,1.00089
"v_age_g[1]",-0.920805,0.0131897,0.621447,-1.96464,-0.901398,0.062428,2219.92,inf,0.999938
"v_age_g[2]",0.541372,0.0124374,0.605911,-0.390595,0.514736,1.56339,2373.35,inf,1.00037
"v_age_sigma_g[1]",0.774384,0.0330702,1.34113,0.0372544,0.459075,2.37,1644.64,inf,1.00153
"v_age_sigma_g[2]",1.01081,0.0237043,1.02467,0.104968,0.763386,2.68831,1868.6,inf,1.00255
"v_age[1]",0.967712,0.015003,0.788314,-0.320223,0.975245,2.23403,2760.83,inf,0.999806
"v_age[2]",-0.497089,0.014864,0.873822,-1.8731,-0.521605,0.9885,3456.02,inf,1.00009
"v_age[3]",-0.180575,0.0143493,0.843656,-1.54857,-0.209766,1.26221,3456.77,inf,0.999806
"v_age[4]",0.127453,0.0126127,0.868628,-1.29218,0.11108,1.55339,4743,inf,0.999826
"v_age[5]",-0.397618,0.0133765,0.754186,-1.6761,-0.37798,0.835288,3178.87,inf,1.00071
"v_age[6]",0.230108,0.0114767,0.790391,-1.08711,0.240063,1.47938,4743,inf,0.999947
"v_age[7]",-0.352637,0.0121642,0.83774,-1.72891,-0.351837,1.04489,4743,inf,1.00031
"v_gender_sigma",0.316488,0.00365608,0.191703,0.0953845,0.274716,0.667077,2749.34,inf,1.00001
"v_gender_g[1]",1.15474,0.0121709,0.694626,0.0852157,1.12699,2.33137,3257.32,inf,0.999907
"v_gender_g[2]",-0.386908,0.0110187,0.619331,-1.43201,-0.369251,0.607363,3159.28,inf,0.999801
"v_gender_sigma_g[1]",0.886361,0.0330033,1.58893,0.0365469,0.480108,2.8102,2317.9,inf,0.999801
"v_gender_sigma_g[2]",0.798491,0.015876,0.816748,0.0434141,0.585833,2.32741,2646.62,inf,0.999988
"v_gender[1]",-0.536832,0.0126742,0.872866,-1.92664,-0.564338,0.977299,4743,inf,1.00051
"v_gender[2]",0.343299,0.0128938,0.887992,-1.16796,0.371174,1.78239,4743,inf,0.999813
"v_gender[3]",0.321179,0.0126366,0.870274,-1.16657,0.350007,1.6977,4743,inf,0.999807
"v_gender[4]",0.0938106,0.0127992,0.881472,-1.39495,0.112547,1.50102,4743,inf,0.999932
"v_gender[5]",0.439736,0.0163642,0.868613,-1.01262,0.456607,1.8457,2817.49,inf,0.999878
"v_gender[6]",-0.236577,0.0138657,0.86079,-1.64305,-0.255991,1.20412,3853.99,inf,0.999846
"v_gender[7]",0.0104773,0.0132799,0.899146,-1.48212,-0.0031872,1.47234,4584.24,inf,1.0007
"v_parent_sigma",0.350735,0.00521027,0.2567,0.0797225,0.285031,0.829977,2427.35,inf,1.00038
"v_parent_g[1]",0.557319,0.0153288,0.820065,-0.85019,0.568292,1.90387,2862.07,inf,1.00003
"v_parent_g[2]",0.484636,0.0111725,0.61072,-0.491831,0.458436,1.51418,2988.03,inf,0.999861
"v_parent_sigma_g[1]",2.96292,0.0991217,4.11371,0.519281,1.89042,8.41939,1722.38,inf,0.999834
"v_parent_sigma_g[2]",0.764651,0.0167548,0.904658,0.0465187,0.512231,2.2526,2915.36,inf,0.999838
"v_parent[1]",-0.296031,0.0141946,0.872084,-1.7065,-0.314842,1.14926,3774.58,inf,0.999789
"v_parent[2]",-0.728221,0.0135091,0.650574,-1.91417,-0.652443,0.194202,2319.23,inf,1.00086
"v_parent[3]",0.804647,0.0120866,0.60652,-0.142341,0.774733,1.83871,2518.14,inf,1.0007
"v_parent[4]",1.04257,0.0118215,0.64726,0.0622806,1.00296,2.1464,2997.85,inf,1.00146
"v_parent[5]",0.397698,0.0144632,0.884544,-1.11848,0.445365,1.79209,3740.33,inf,0.999821
"v_parent[6]",-0.10417,0.0131399,0.904937,-1.57156,-0.116066,1.41705,4743,inf,0.999938
"v_parent[7]",0.360028,0.0152336,0.93232,-1.20475,0.364823,1.8874,3745.61,inf,0.999854
"v_ad_sigma",0.130439,0.000767994,0.0322153,0.0845867,0.126448,0.188213,1759.58,inf,0.999794
"v_ad_platform_mean[1]",1.35657,0.0164768,0.739058,0.0395336,1.41553,2.45633,2011.92,inf,1.00003
"v_ad_platform_mean[2]",-0.699821,0.0154992,0.806176,-1.9884,-0.703124,0.656777,2705.46,inf,1.00003
"v_ad_platform_mean[3]",0.496728,0.0073537,0.438391,-0.206474,0.487242,1.22754,3553.96,inf,1.001
"v_ad_platform_mean[4]",0.365149,0.010577,0.555575,-0.563012,0.378654,1.23964,2759.05,inf,0.999961
"v_ad_platform_mean[5]",0.910627,0.0100843,0.498171,0.108319,0.912412,1.71397,2440.45,inf,0.99988
"v_ad_platform_mean[6]",1.28726,0.0147568,0.68847,0.0214693,1.34216,2.33852,2176.63,inf,0.999807
"v_ad_platform_mean[7]",1.27029,0.0152651,0.713846,0.0198279,1.30751,2.34286,2186.8,inf,1.00041
"v_ad_platform_mean[8]",1.33748,0.0130746,0.584242,0.341179,1.36328,2.21871,1996.79,inf,1.0001
"v_ad_platform_mean[9]",0.575856,0.00979591,0.563537,-0.351971,0.578438,1.48687,3309.45,inf,0.999817
"v_ad_platform_sigma[1]",0.777649,0.018365,0.825385,0.0513423,0.529182,2.32898,2019.9,inf,0.999981
"v_ad_platform_sigma[2]",1.15737,0.0192245,0.999127,0.193581,0.919254,2.87313,2701.04,inf,0.999803
"v_ad_platform_sigma[3]",0.319722,0.00627906,0.370511,0.0123852,0.210529,0.957846,3481.87,inf,0.99991
"v_ad_platform_sigma[4]",0.461267,0.00877574,0.484083,0.0299157,0.315982,1.36955,3042.79,inf,1.0004
"v_ad_platform_sigma[5]",0.385913,0.00836436,0.429639,0.0169112,0.246989,1.22882,2638.41,inf,1.00004
"v_ad_platform_sigma[6]",0.708715,0.0162325,0.715391,0.0503254,0.511882,2.01827,1942.29,inf,1.00021
"v_ad_platform_sigma[7]",0.845754,0.0180809,0.77337,0.0811807,0.639136,2.30042,1829.52,inf,1.00006
"v_ad_platform_sigma[8]",0.52618,0.0131834,0.56773,0.0266968,0.356955,1.56257,1854.51,inf,1.00065
"v_ad_platform_sigma[9]",0.576101,0.0109538,0.580982,0.0386485,0.414787,1.63705,2813.19,inf,1.00021
"v_ad_platform_g[1,1]",0.298292,0.0160309,0.879426,-1.20735,0.341025,1.7065,3009.43,inf,0.999791
"v_ad_platform_g[1,2]",0.505482,0.0149451,0.902634,-1.06688,0.551687,1.92417,3647.74,inf,0.999794
"v_ad_platform_g[2,1]",0.0798689,0.0137165,0.832752,-1.2637,0.0734952,1.47894,3685.9,inf,1.00031
"v_ad_platform_g[2,2]",-0.640857,0.015495,0.83239,-2.02061,-0.651198,0.752039,2885.81,inf,0.999921
"v_ad_platform_g[3,1]",0.118789,0.0143291,0.923727,-1.43798,0.134566,1.60976,4155.73,inf,1.00038
"v_ad_platform_g[3,2]",0.0247411,0.0133345,0.918342,-1.49254,0.0389691,1.50756,4743,inf,1.0012
"v_ad_platform_g[4,1]",0.0386977,0.0145213,0.913886,-1.46029,0.0386637,1.53442,3960.7,inf,1.00034
"v_ad_platform_g[4,2]",0.0995875,0.0144437,0.929381,-1.4696,0.109598,1.61256,4140.27,inf,1.00021
"v_ad_platform_g[5,1]",0.0957609,0.0134995,0.929705,-1.50733,0.125063,1.6073,4743,inf,0.99979
"v_ad_platform_g[5,2]",0.200711,0.01319,0.908389,-1.32742,0.212165,1.69405,4743,inf,1.00004
"v_ad_platform_g[6,1]",0.575094,0.0151227,0.874925,-0.934926,0.616309,1.95258,3347.19,inf,0.999886
"v_ad_platform_g[6,2]",0.123532,0.0156298,0.87201,-1.35116,0.137391,1.49336,3112.67,inf,0.999812
"v_ad_platform_g[7,1]",-0.083917,0.0151763,0.850445,-1.51678,-0.0434845,1.26584,3140.24,inf,1.00023
"v_ad_platform_g[7,2]",0.938773,0.0173576,0.874364,-0.569217,0.967729,2.30677,2537.49,inf,0.999886
"v_ad_platform_g[8,1]",0.0909538,0.0140844,0.870083,-1.38924,0.128486,1.48037,3816.35,inf,1.00006
"v_ad_platform_g[8,2]",0.475207,0.0129825,0.8941,-1.03923,0.492374,1.93775,4743,inf,0.999879
"v_ad_platform_g[9,1]",0.0379034,0.0144032,0.869862,-1.397,0.0402434,1.45456,3647.39,inf,0.999829
"v_ad_platform_g[9,2]",0.257094,0.0143698,0.905471,-1.23653,0.266227,1.74733,3970.53,inf,0.999866
"v_ad_platform_sigma_g[1,1]",1.03884,0.0299946,1.79614,0.0494285,0.607774,3.30063,3585.84,inf,0.999791
"v_ad_platform_sigma_g[1,2]",1.7168,0.0561341,2.87282,0.086118,0.972851,5.54985,2619.18,inf,0.999794
"v_ad_platform_sigma_g[2,1]",1.85265,0.0571692,3.1372,0.197845,1.21874,5.23679,3011.34,inf,0.999791
"v_ad_platform_sigma_g[2,2]",1.75682,0.079133,3.58598,0.12264,1.01628,5.04769,2053.52,inf,1.00005
"v_ad_platform_sigma_g[3,1]",1.35721,0.152,6.3559,0.0614626,0.685648,3.89936,1748.5,inf,1.00009
"v_ad_platform_sigma_g[3,2]",1.2318,0.0397056,2.7345,0.0567198,0.644777,4.00955,4743,inf,0.999847
"v_ad_platform_sigma_g[4,1]",1.25174,0.044786,2.78055,0.0579908,0.670993,3.94851,3854.59,inf,0.99992
"v_ad_platform_sigma_g[4,2]",1.68076,0.0751179,4.02134,0.0697692,0.880864,5.407,2865.86,inf,0.999806
"v_ad_platform_sigma_g[5,1]",1.34685,0.0458684,2.75765,0.0612888,0.71925,4.18095,3614.51,inf,0.999806
"v_ad_platform_sigma_g[5,2]",1.24879,0.0453248,2.25726,0.0568374,0.655335,4.30605,2480.23,inf,0.999999
"v_ad_platform_sigma_g[6,1]",0.977825,0.0269385,1.56126,0.0397803,0.550316,3.13753,3358.93,inf,1.00321
"v_ad_platform_sigma_g[6,2]",1.74251,0.0430757,2.33731,0.129416,1.10057,5.41786,2944.2,inf,0.99982
"v_ad_platform_sigma_g[7,1]",0.883823,0.051729,2.61802,0.0394885,0.481433,2.59061,2561.41,inf,0.9999
"v_ad_platform_sigma_g[7,2]",1.49074,0.0943603,5.2074,0.0547973,0.676218,4.66446,3045.53,inf,0.99979
"v_ad_platform_sigma_g[8,1]",1.0536,0.0553194,3.08486,0.048258,0.550345,3.17603,3109.67,inf,0.999802
"v_ad_platform_sigma_g[8,2]",1.64021,0.0530191,3.05743,0.0899184,0.907029,5.50204,3325.43,inf,1.00023
"v_ad_platform_sigma_g[9,1]",1.17359,0.0378612,2.20493,0.0539734,0.642562,3.83138,3391.56,inf,0.999833
"v_ad_platform_sigma_g[9,2]",2.18239,0.0750041,3.74757,0.095033,1.14763,7.46906,2496.49,inf,0.999922
"v_ad_platform_film[1,1]",-0.435824,0.0129578,0.892394,-1.89226,-0.449189,1.06637,4743,inf,0.999823
"v_ad_platform_film[1,2]",-0.291209,0.013822,0.81707,-1.60983,-0.314511,1.08237,3494.41,inf,0.999796
"v_ad_platform_film[1,3]",0.0581383,0.0142013,0.978032,-1.56819,0.0660152,1.66166,4743,inf,0.999919
"v_ad_platform_film[1,4]",0.317605,0.0138376,0.952988,-1.29336,0.35531,1.85918,4743,inf,1.00019
"v_ad_platform_film[1,5]",0.0534507,0.0153154,0.953635,-1.51498,0.0503711,1.65575,3877.12,inf,0.9998
"v_ad_platform_film[1,6]",-0.530522,0.0144922,0.868765,-1.93105,-0.530204,0.925051,3593.63,inf,1.00059
"v_ad_platform_film[1,7]",0.0435843,0.0142526,0.882849,-1.46292,0.0682045,1.4508,3836.93,inf,0.999972
"v_ad_platform_film[1,8]",0.627785,0.013572,0.934695,-0.978724,0.691051,2.06673,4743,inf,1.00018
"v_ad_platform_film[1,9]",-0.442284,0.0157511,0.887369,-1.87294,-0.457261,1.0924,3173.84,inf,0.999791
"v_ad_platform_film[2,1]",0.231372,0.0135819,0.93538,-1.34652,0.257774,1.75299,4743,inf,0.999858
"v_ad_platform_film[2,2]",0.511103,0.0140615,0.800819,-0.785984,0.518522,1.81335,3243.43,inf,0.9998
"v_ad_platform_film[2,3]",0.1155,0.0137435,0.930293,-1.42388,0.143326,1.61507,4581.86,inf,0.999873
"v_ad_platform_film[2,4]",-0.140352,0.0135524,0.933344,-1.66936,-0.137065,1.40817,4743,inf,1.0005
"v_ad_platform_film[2,5]",-0.232923,0.0142964,0.984586,-1.85765,-0.256913,1.44605,4743,inf,1.00016
"v_ad_platform_film[2,6]",0.12202,0.0139074,0.957792,-1.45637,0.120362,1.67354,4743,inf,1.00002
"v_ad_platform_film[2,7]",0.0119075,0.0134928,0.929244,-1.50011,0.0268282,1.51297,4743,inf,0.999841
"v_ad_platform_film[2,8]",0.155046,0.0138105,0.951121,-1.45323,0.153805,1.72781,4743,inf,1.00006
"v_ad_platform_film[2,9]",-0.2446,0.0137554,0.947327,-1.77265,-0.265112,1.31479,4743,inf,0.999824
"v_ad_platform_film[3,1]",-0.141957,0.0136049,0.936965,-1.63885,-0.149974,1.42837,4743,inf,0.999867
"v_ad_platform_film[3,2]",0.519511,0.0132345,0.780906,-0.757598,0.506384,1.79691,3481.62,inf,0.99981
"v_ad_platform_film[3,3]",0.00966955,0.0139421,0.960186,-1.55599,0.00787473,1.59952,4743,inf,1.0001
"v_ad_platform_film[3,4]",0.0975296,0.013802,0.950535,-1.44036,0.098205,1.64265,4743,inf,0.999914
"v_ad_platform_film[3,5]",0.121753,0.0134423,0.925761,-1.44703,0.133605,1.62178,4743,inf,0.999795
"v_ad_platform_film[3,6]",0.0596418,0.0138621,0.954675,-1.54939,0.0692922,1.62113,4743,inf,1.00034
"v_ad_platform_film[3,7]",-0.108726,0.013367,0.92058,-1.61996,-0.12754,1.42972,4743,inf,0.999797
"v_ad_platform_film[3,8]",-0.0725786,0.0132728,0.91409,-1.55589,-0.0920944,1.42626,4743,inf,1.00071
"v_ad_platform_film[3,9]",0.0314509,0.0133481,0.919279,-1.5005,0.0377344,1.51556,4743,inf,1.00037
"v_ad_platform_film[4,1]",0.073667,0.0134783,0.928245,-1.46739,0.0876969,1.57305,4743,inf,1.00033
"v_ad_platform_film[4,2]",-0.845608,0.01575,0.81625,-2.16889,-0.842995,0.498836,2685.88,inf,1.00007
"v_ad_platform_film[4,3]",-0.0380366,0.0139197,0.958639,-1.64698,-0.0283124,1.50599,4743,inf,0.999859
"v_ad_platform_film[4,4]",0.128037,0.0140003,0.964195,-1.47077,0.136272,1.71152,4743,inf,0.999959
"v_ad_platform_film[4,5]",0.219225,0.013828,0.952325,-1.35297,0.236272,1.71273,4743,inf,1.00014
"v_ad_platform_film[4,6]",0.21585,0.0136094,0.937273,-1.35853,0.246324,1.71589,4743,inf,0.99991
"v_ad_platform_film[4,7]",-0.0198407,0.0132277,0.910987,-1.47902,-0.033235,1.47633,4743,inf,0.99979
"v_ad_platform_film[4,8]",-0.0534255,0.0136976,0.919997,-1.55915,-0.0461581,1.46492,4511.15,inf,0.999797
"v_ad_platform_film[4,9]",0.222709,0.0137591,0.947584,-1.33713,0.226127,1.74209,4743,inf,0.999794
"v_ad_platform_film[5,1]",0.533132,0.0163622,0.889778,-1.03656,0.563027,1.91032,2957.19,inf,1.00024
"v_ad_platform_film[5,2]",-0.738322,0.0178391,0.852184,-2.08251,-0.759192,0.726887,2282.03,inf,1.00097
"v_ad_platform_film[5,3]",7.00492e-05,0.0137266,0.945341,-1.555,-0.00101329,1.53987,4743,inf,0.999798
"v_ad_platform_film[5,4]",0.11399,0.0144668,0.926182,-1.45713,0.118917,1.64503,4098.71,inf,1.00042
"v_ad_platform_film[5,5]",-0.0939914,0.0134289,0.92484,-1.63887,-0.116354,1.4496,4743,inf,1.00031
"v_ad_platform_film[5,6]",0.758958,0.0161569,0.885517,-0.777295,0.793963,2.16192,3003.85,inf,1.00037
"v_ad_platform_film[5,7]",0.480115,0.0147481,0.901073,-1.09013,0.532387,1.89416,3732.94,inf,1.00006
"v_ad_platform_film[5,8]",-0.282521,0.0130244,0.896986,-1.76099,-0.283445,1.23044,4743,inf,0.999789
"v_ad_platform_film[5,9]",0.0856676,0.0132387,0.842492,-1.34572,0.0916096,1.46234,4049.86,inf,1.00043
"v_ad_platform_film[6,1]",0.030362,0.0126675,0.872402,-1.42185,0.042826,1.47862,4743,inf,1.00047
"v_ad_platform_film[6,2]",0.623362,0.0140816,0.861552,-0.809191,0.631477,2.05854,3743.34,inf,0.999816
"v_ad_platform_film[6,3]",-0.0370447,0.0140835,0.969923,-1.64099,-0.021355,1.53903,4743,inf,0.999813
"v_ad_platform_film[6,4]",-0.376091,0.0144242,0.993386,-1.98208,-0.392809,1.28769,4743,inf,0.999906
"v_ad_platform_film[6,5]",0.260675,0.0139848,0.963124,-1.32353,0.287112,1.81537,4743,inf,1.00072
"v_ad_platform_film[6,6]",-0.253144,0.0145724,0.855114,-1.63485,-0.260026,1.15067,3443.4,inf,1
"v_ad_platform_film[6,7]",0.403822,0.0150961,0.9093,-1.14782,0.443638,1.81824,3628.15,inf,0.999879
"v_ad_platform_film[6,8]",-0.115353,0.0128191,0.882844,-1.55409,-0.108412,1.32082,4743,inf,0.999873
"v_ad_platform_film[6,9]",0.021314,0.0127347,0.87703,-1.43392,0.015728,1.48925,4743,inf,0.999792
"v_ad_platform_film[7,1]",0.443031,0.0137622,0.947794,-1.20368,0.482626,1.9186,4743,inf,0.999827
"v_ad_platform_film[7,2]",-0.364073,0.0146357,0.884585,-1.77024,-0.397551,1.14473,3653.01,inf,1.00047
"v_ad_platform_film[7,3]",0.0041271,0.0146246,1.00719,-1.64782,0.0082321,1.64086,4743,inf,0.999795
"v_ad_platform_film[7,4]",0.0367078,0.0138802,0.955925,-1.55293,0.0522197,1.59995,4743,inf,0.999982
"v_ad_platform_film[7,5]",-0.0297549,0.0139273,0.959163,-1.59297,-0.0374182,1.56476,4743,inf,0.999805
"v_ad_platform_film[7,6]",0.127465,0.0131827,0.907885,-1.35704,0.137687,1.605,4743,inf,0.999944
"v_ad_platform_film[7,7]",-0.154825,0.0139531,0.960945,-1.72513,-0.166749,1.42594,4743,inf,0.999829
"v_ad_platform_film[7,8]",0.295776,0.0141111,0.971827,-1.37183,0.33747,1.86984,4743,inf,0.999829
"v_ad_platform_film[7,9]",0.746136,0.0189147,1.01712,-1.0537,0.826711,2.29044,2891.65,inf,0.999852
"v_film_sigma",0.556865,0.00826065,0.377598,0.146829,0.466166,1.2566,2089.44,inf,0.999813
"v_film_g_sigma[1]",1.47667,0.0338144,1.5062,0.346019,1.08359,3.80287,1984.08,inf,0.999798
"v_film_g_sigma[2]",1.17059,0.0235311,1.16568,0.229991,0.85057,3.13054,2453.97,inf,1.0018
"v_film_g[1]",0.00531447,0.014106,0.741613,-1.16331,-0.0304067,1.28071,2764.05,inf,1.00063
"v_film_g[2]",-0.697742,0.0136875,0.705584,-1.83802,-0.718361,0.497521,2657.35,inf,1.00193
"v_film_s[1]",0.581956,0.0134384,0.677716,-0.467179,0.550597,1.77549,2543.32,inf,1.00165
"v_film_s[2]",0.940045,0.0133062,0.687149,-0.104804,0.89057,2.13999,2666.82,inf,1.00057
"v_film_s[3]",0.0325229,0.0118539,0.590477,-0.915068,0.0236567,1.00832,2481.32,inf,1.00172
"v_film_s[4]",-0.935709,0.0125765,0.677076,-2.12814,-0.897882,0.091718,2898.38,inf,1.00119
"v_film_s[5]",0.413608,0.0137652,0.672319,-0.624903,0.381436,1.55665,2385.52,inf,0.999835
"v_film_s[6]",-0.779908,0.0126195,0.691455,-1.93234,-0.763666,0.333218,3002.23,inf,1.00036
"v_film_s[7]",-0.948538,0.0134438,0.733708,-2.15223,-0.932421,0.188486,2978.55,inf,1.00034
# Inference for Stan model: lei_model
# 1 chains: each with iter=(4743); warmup=(1000); thin=(1); 5743 iterations saved.
#
# Warmup took (0.00) seconds, 0.00 seconds total
# Sampling took (0.00) seconds, 0.00 seconds total
#
# Samples were drawn using hmc with nuts.
# For each parameter, N_Eff is a crude measure of effective sample size,
# and R_hat is the potential scale reduction factor on split chains (at 
# convergence, R_hat=1).
