name,Mean,MCSE,StdDev,5%,50%,95%,N_Eff,N_Eff/s,R_hat
"lp__",-1721.56,0.35132,11.6705,-1741.19,-1721.34,-1702.56,1103.5,0.301821,1.00517
"accept_stat__",0.92346,0.0131399,0.113482,0.723564,0.961977,0.997625,74.5881,0.0204007,1.02332
"stepsize__",0.0490891,0.00384599,0.00544041,0.0434742,0.0494417,0.0577562,2.001,0.000547297,1.01905e+14
"treedepth__",6.5565,0.285189,0.506332,6,7,7,3.15213,0.000862145,1.57615
"n_leapfrog__",103.442,18.3799,31.6796,63,127,127,2.97081,0.00081255,1.66456
"divergent__",0.00125,0.000558737,0.0353377,0,0,0,4000,1.09405,0.999886
"energy__",1804.98,0.453071,14.9109,1780.69,1804.67,1829.73,1083.11,0.296243,1.00362
"b",-0.383127,0.00762628,0.361881,-0.914544,-0.423058,0.257368,2251.68,0.615861,1.00047
"v_age_sigma",0.222437,0.00330117,0.154005,0.0674479,0.187136,0.487417,2176.37,0.595261,0.999744
"v_age_g[1]",-0.936017,0.0134051,0.659927,-2.05046,-0.905668,0.0756567,2423.54,0.662867,1.00101
"v_age_g[2]",0.531732,0.0112108,0.587124,-0.434531,0.511103,1.51082,2742.74,0.750171,1.00023
"v_age_sigma_g[1]",0.805803,0.0315649,1.33535,0.0403113,0.472087,2.43684,1789.7,0.489503,1.00132
"v_age_sigma_g[2]",1.03898,0.023064,1.04874,0.10706,0.768809,2.79315,2067.58,0.565508,1.00058
"v_age[1]",0.985072,0.0129034,0.816084,-0.39506,1.00136,2.271,4000,1.09405,0.999634
"v_age[2]",-0.547172,0.0140793,0.89045,-1.99977,-0.566561,0.991032,4000,1.09405,0.999844
"v_age[3]",-0.208554,0.013715,0.867412,-1.58246,-0.242985,1.24017,4000,1.09405,0.999422
"v_age[4]",0.144751,0.013914,0.879997,-1.30088,0.123823,1.59863,4000,1.09405,1.00002
"v_age[5]",-0.396294,0.0119054,0.752963,-1.69183,-0.36763,0.764823,4000,1.09405,1.00002
"v_age[6]",0.220155,0.0125209,0.791889,-1.13336,0.239336,1.50259,4000,1.09405,0.999094
"v_age[7]",-0.374162,0.0128009,0.809602,-1.71745,-0.37822,0.961036,4000,1.09405,0.999819
"v_gender_sigma",0.311726,0.00409168,0.204039,0.0841012,0.26782,0.664419,2486.69,0.680139,0.999373
"v_gender_g[1]",1.12192,0.0108793,0.688068,0.0246327,1.10988,2.212,4000,1.09405,0.999476
"v_gender_g[2]",-0.368086,0.00983137,0.621791,-1.42972,-0.364311,0.666692,4000,1.09405,1.00031
"v_gender_sigma_g[1]",0.967273,0.0401253,1.88804,0.0387319,0.472746,3.26086,2214.06,0.60557,0.999794
"v_gender_sigma_g[2]",0.831163,0.0193973,1.07607,0.0595643,0.575732,2.3952,3077.5,0.84173,0.999714
"v_gender[1]",-0.546694,0.014086,0.89088,-1.97707,-0.579663,1.01185,4000,1.09405,0.999403
"v_gender[2]",0.339272,0.0142685,0.90242,-1.20577,0.357431,1.77287,4000,1.09405,0.99962
"v_gender[3]",0.320517,0.0139316,0.881111,-1.18123,0.34788,1.72289,4000,1.09405,1.00009
"v_gender[4]",0.129717,0.0139554,0.882619,-1.36394,0.150099,1.52604,4000,1.09405,0.999717
"v_gender[5]",0.437834,0.0137136,0.867322,-1.01476,0.448182,1.8816,4000,1.09405,1.00033
"v_gender[6]",-0.213428,0.0140545,0.888882,-1.641,-0.226925,1.26693,4000,1.09405,1.00004
"v_gender[7]",0.0420185,0.0145947,0.923049,-1.47987,0.0417991,1.55131,4000,1.09405,1.00046
"v_parent_sigma",0.348858,0.00465539,0.244154,0.0826911,0.291248,0.809698,2750.53,0.752301,1.00059
"v_parent_g[1]",0.573386,0.0139134,0.833141,-0.878704,0.598962,1.89852,3585.66,0.98072,1.00141
"v_parent_g[2]",0.498736,0.0098469,0.622772,-0.490624,0.467958,1.5648,4000,1.09405,1.00021
"v_parent_sigma_g[1]",2.98046,0.124508,4.52447,0.490596,1.87202,8.8325,1320.5,0.361173,1.00175
"v_parent_sigma_g[2]",0.761525,0.0168602,0.960472,0.0483216,0.526395,2.15393,3245.21,0.887601,0.999484
"v_parent[1]",-0.317894,0.0140103,0.886091,-1.75466,-0.328848,1.15959,4000,1.09405,0.999251
"v_parent[2]",-0.731566,0.0109448,0.648952,-1.91186,-0.650399,0.187627,3515.7,0.961584,0.99952
"v_parent[3]",0.799839,0.0095166,0.601883,-0.125902,0.774094,1.83007,4000,1.09405,0.999506
"v_parent[4]",1.02329,0.0116797,0.641763,0.0351632,0.997072,2.11199,3019.15,0.825771,1.00012
"v_parent[5]",0.403885,0.0138031,0.872982,-1.08576,0.413308,1.80112,4000,1.09405,0.99976
"v_parent[6]",-0.140198,0.0142391,0.900558,-1.60468,-0.1472,1.33683,4000,1.09405,0.99981
"v_parent[7]",0.403136,0.0149299,0.944253,-1.19402,0.408924,1.94904,4000,1.09405,1.00023
"v_ad_sigma",0.130806,0.000642063,0.0321166,0.0862304,0.127047,0.187794,2502.1,0.684354,1.00068
"v_ad_platform_mean[1]",1.37583,0.0144206,0.735632,0.0350384,1.42147,2.48953,2602.29,0.711755,0.99946
"v_ad_platform_mean[2]",-0.658792,0.0124181,0.785392,-1.90627,-0.687733,0.678783,4000,1.09405,1.00029
"v_ad_platform_mean[3]",0.505401,0.007451,0.439576,-0.191426,0.499674,1.24186,3480.47,0.95195,1.00014
"v_ad_platform_mean[4]",0.372769,0.00871555,0.55122,-0.578342,0.379991,1.24694,4000,1.09405,0.999506
"v_ad_platform_mean[5]",0.920421,0.00915028,0.50252,0.107926,0.916119,1.7283,3016.05,0.824923,1.00013
"v_ad_platform_mean[6]",1.27689,0.0136788,0.693749,0.0284072,1.31961,2.3253,2572.21,0.703529,1.00195
"v_ad_platform_mean[7]",1.2337,0.0136728,0.695179,0.0183079,1.27835,2.30115,2585.09,0.707053,0.999766
"v_ad_platform_mean[8]",1.34644,0.0124305,0.584079,0.344756,1.36939,2.23116,2207.83,0.603866,1.00079
"v_ad_platform_mean[9]",0.580141,0.00906565,0.573362,-0.355474,0.58907,1.51505,4000,1.09405,0.999831
"v_ad_platform_sigma[1]",0.728999,0.0160501,0.752006,0.0481056,0.502868,2.16207,2195.26,0.600428,1.00042
"v_ad_platform_sigma[2]",1.19214,0.0198737,0.983912,0.201706,0.959218,2.90237,2451.06,0.670392,1.00034
"v_ad_platform_sigma[3]",0.315938,0.00612334,0.354046,0.0165042,0.209257,0.941987,3343.05,0.914363,1.00022
"v_ad_platform_sigma[4]",0.468592,0.0089969,0.506253,0.024457,0.331503,1.37747,3166.28,0.866015,1.0015
"v_ad_platform_sigma[5]",0.382723,0.00779092,0.437439,0.0190108,0.251461,1.16222,3152.51,0.862247,1.0001
"v_ad_platform_sigma[6]",0.729825,0.0161877,0.721522,0.0580193,0.528579,2.1101,1986.69,0.543383,1.00083
"v_ad_platform_sigma[7]",0.850718,0.0165455,0.770355,0.102109,0.659074,2.20443,2167.81,0.592921,0.999458
"v_ad_platform_sigma[8]",0.506822,0.0116419,0.555155,0.0250021,0.34226,1.48984,2273.95,0.621952,1.00044
"v_ad_platform_sigma[9]",0.581615,0.0118744,0.577897,0.0332729,0.411842,1.75278,2368.51,0.647814,0.999717
"v_ad_platform_g[1,1]",0.318018,0.013843,0.875505,-1.16493,0.358154,1.68588,4000,1.09405,0.999362
"v_ad_platform_g[1,2]",0.469647,0.0142326,0.900147,-1.05226,0.501309,1.90931,4000,1.09405,0.999561
"v_ad_platform_g[2,1]",0.0545057,0.0128107,0.810222,-1.21872,0.0267194,1.43064,4000,1.09405,1.00077
"v_ad_platform_g[2,2]",-0.66229,0.0132217,0.836215,-1.98744,-0.675865,0.749863,4000,1.09405,0.999813
"v_ad_platform_g[3,1]",0.101266,0.0144798,0.915784,-1.44227,0.114284,1.62057,4000,1.09405,1.00073
"v_ad_platform_g[3,2]",0.0192225,0.0146125,0.924174,-1.55064,0.040049,1.50525,4000,1.09405,1.0002
"v_ad_platform_g[4,1]",0.069897,0.0142521,0.901379,-1.44549,0.0779908,1.57199,4000,1.09405,0.999255
"v_ad_platform_g[4,2]",0.0953227,0.0145688,0.92141,-1.44233,0.111391,1.60711,4000,1.09405,0.999459
"v_ad_platform_g[5,1]",0.127731,0.0147721,0.934273,-1.45376,0.156548,1.65579,4000,1.09405,0.999675
"v_ad_platform_g[5,2]",0.191496,0.0142806,0.903183,-1.32174,0.223247,1.61734,4000,1.09405,1.00021
"v_ad_platform_g[6,1]",0.588242,0.0137804,0.871547,-0.905695,0.632114,1.97078,4000,1.09405,1.00079
"v_ad_platform_g[6,2]",0.130505,0.0138187,0.873972,-1.37671,0.144991,1.55451,4000,1.09405,0.999823
"v_ad_platform_g[7,1]",-0.0741117,0.013477,0.834772,-1.5704,-0.0326056,1.22947,3836.65,1.04937,1.00057
"v_ad_platform_g[7,2]",0.935835,0.0134123,0.848268,-0.509848,0.950693,2.26907,4000,1.09405,0.999775
"v_ad_platform_g[8,1]",0.0815693,0.0141227,0.893196,-1.46962,0.107603,1.54151,4000,1.09405,0.999657
"v_ad_platform_g[8,2]",0.439905,0.0146511,0.926618,-1.22058,0.490947,1.88617,4000,1.09405,1.00005
"v_ad_platform_g[9,1]",0.0208516,0.0139427,0.881815,-1.44264,0.0230184,1.4635,4000,1.09405,0.999741
"v_ad_platform_g[9,2]",0.243978,0.0141879,0.897325,-1.26428,0.237587,1.68872,4000,1.09405,0.999299
"v_ad_platform_sigma_g[1,1]",1.0595,0.0384617,1.97198,0.0576912,0.621554,3.12586,2628.75,0.718995,1.00049
"v_ad_platform_sigma_g[1,2]",1.78623,0.0688593,3.71807,0.0921098,0.959054,5.58589,2915.48,0.797416,1.00027
"v_ad_platform_sigma_g[2,1]",1.95712,0.074235,3.41134,0.163951,1.22716,5.6078,2111.71,0.577576,1.00061
"v_ad_platform_sigma_g[2,2]",1.59825,0.0399835,2.18634,0.125951,1.00267,4.91066,2990.03,0.817807,0.99968
"v_ad_platform_sigma_g[3,1]",1.29615,0.0499015,2.79694,0.0555755,0.684185,4.05819,3141.51,0.859238,1.00079
"v_ad_platform_sigma_g[3,2]",1.19953,0.051037,2.5922,0.0583046,0.664864,3.53902,2579.69,0.705574,0.999964
"v_ad_platform_sigma_g[4,1]",1.26276,0.0476722,3.01506,0.0569383,0.686883,4.03472,4000,1.09405,1.00007
"v_ad_platform_sigma_g[4,2]",1.60549,0.0554155,3.11532,0.0698179,0.885886,5.20877,3160.42,0.864411,1.00061
"v_ad_platform_sigma_g[5,1]",1.3456,0.048864,3.01214,0.0626202,0.729336,4.07891,3799.9,1.03932,0.999918
"v_ad_platform_sigma_g[5,2]",1.41704,0.177651,11.2356,0.0479017,0.673243,3.82785,4000,1.09405,0.999848
"v_ad_platform_sigma_g[6,1]",0.960739,0.0317495,1.86177,0.0450162,0.548677,2.90121,3438.59,0.940494,0.999946
"v_ad_platform_sigma_g[6,2]",1.9828,0.116067,5.23895,0.121227,1.13036,5.93643,2037.39,0.55725,1.00086
"v_ad_platform_sigma_g[7,1]",0.818011,0.0259211,1.25667,0.0392793,0.489524,2.46531,2350.37,0.642854,1.00074
"v_ad_platform_sigma_g[7,2]",1.41265,0.0682256,3.69476,0.0632223,0.67162,4.73231,2932.76,0.802144,0.999626
"v_ad_platform_sigma_g[8,1]",0.99983,0.0411498,2.22537,0.0464558,0.545927,3.08949,2924.61,0.799915,0.999848
"v_ad_platform_sigma_g[8,2]",1.66689,0.0526815,3.24054,0.0676346,0.898859,5.15954,3783.72,1.03489,1.00017
"v_ad_platform_sigma_g[9,1]",1.14027,0.0425861,2.59822,0.0518429,0.649747,3.53332,3722.34,1.0181,0.999441
"v_ad_platform_sigma_g[9,2]",2.31024,0.07842,4.08213,0.0910027,1.21778,7.48199,2709.69,0.741131,1.00006
"v_ad_platform_film[1,1]",-0.419407,0.0141955,0.897805,-1.87154,-0.433704,1.10902,4000,1.09405,0.999146
"v_ad_platform_film[1,2]",-0.319623,0.0126722,0.801459,-1.60585,-0.326774,1.03674,4000,1.09405,0.999841
"v_ad_platform_film[1,3]",0.0542104,0.0153597,0.971435,-1.53366,0.0416138,1.66443,4000,1.09405,1.00005
"v_ad_platform_film[1,4]",0.325638,0.0145296,0.91893,-1.2387,0.352009,1.79103,4000,1.09405,0.999456
"v_ad_platform_film[1,5]",0.0569987,0.0145594,0.920818,-1.46856,0.061214,1.5581,4000,1.09405,1.0001
"v_ad_platform_film[1,6]",-0.540304,0.0136692,0.864519,-1.94181,-0.564211,0.93079,4000,1.09405,0.999873
"v_ad_platform_film[1,7]",0.0881765,0.0133983,0.847383,-1.37026,0.122347,1.45899,4000,1.09405,0.999449
"v_ad_platform_film[1,8]",0.588573,0.0148796,0.941069,-1.02477,0.627157,2.1022,4000,1.09405,0.999369
"v_ad_platform_film[1,9]",-0.450077,0.0137656,0.870614,-1.84067,-0.475123,1.06938,4000,1.09405,0.999633
"v_ad_platform_film[2,1]",0.238859,0.0150631,0.952672,-1.36108,0.264474,1.78826,4000,1.09405,0.99942
"v_ad_platform_film[2,2]",0.508667,0.011929,0.754457,-0.756936,0.500438,1.75836,4000,1.09405,0.999916
"v_ad_platform_film[2,3]",0.142928,0.0151511,0.958238,-1.43867,0.147836,1.72253,4000,1.09405,0.999427
"v_ad_platform_film[2,4]",-0.167072,0.0151842,0.96033,-1.72201,-0.177743,1.45082,4000,1.09405,0.999456
"v_ad_platform_film[2,5]",-0.267926,0.0152759,0.966134,-1.80665,-0.278564,1.33958,4000,1.09405,1.00013
"v_ad_platform_film[2,6]",0.11337,0.0145936,0.922981,-1.40316,0.11492,1.6492,4000,1.09405,0.99954
"v_ad_platform_film[2,7]",-0.00724732,0.0142215,0.899446,-1.51727,-0.00719523,1.47507,4000,1.09405,0.999615
"v_ad_platform_film[2,8]",0.141865,0.0147179,0.930841,-1.41064,0.160953,1.61265,4000,1.09405,0.999775
"v_ad_platform_film[2,9]",-0.197883,0.0151232,0.956477,-1.73025,-0.223912,1.4151,4000,1.09405,1.00037
"v_ad_platform_film[3,1]",-0.138607,0.0145421,0.919723,-1.64894,-0.144262,1.40873,4000,1.09405,1.00022
"v_ad_platform_film[3,2]",0.513758,0.0122676,0.775871,-0.750728,0.51945,1.81939,4000,1.09405,0.999673
"v_ad_platform_film[3,3]",-0.00155617,0.0144775,0.915637,-1.51169,-0.00605874,1.49582,4000,1.09405,0.99941
"v_ad_platform_film[3,4]",0.0872506,0.0150755,0.95346,-1.48101,0.0897163,1.63825,4000,1.09405,0.999815
"v_ad_platform_film[3,5]",0.112015,0.0149992,0.948633,-1.47897,0.119963,1.64488,4000,1.09405,0.99974
"v_ad_platform_film[3,6]",0.0781756,0.0147493,0.932824,-1.48031,0.104598,1.57587,4000,1.09405,0.999403
"v_ad_platform_film[3,7]",-0.104749,0.014602,0.923509,-1.61669,-0.113626,1.42375,4000,1.09405,0.999508
"v_ad_platform_film[3,8]",-0.0938485,0.014941,0.944949,-1.65868,-0.09337,1.44736,4000,1.09405,1.00011
"v_ad_platform_film[3,9]",0.0284771,0.0143463,0.907341,-1.49832,0.0288128,1.53934,4000,1.09405,0.999684
"v_ad_platform_film[4,1]",0.111917,0.0145092,0.917642,-1.42165,0.123711,1.61075,4000,1.09405,0.999947
"v_ad_platform_film[4,2]",-0.852188,0.012583,0.795822,-2.15023,-0.838164,0.452138,4000,1.09405,1.00106
"v_ad_platform_film[4,3]",-0.0545931,0.0147316,0.93171,-1.54875,-0.0631986,1.51462,4000,1.09405,0.999411
"v_ad_platform_film[4,4]",0.0975566,0.0153596,0.971427,-1.56411,0.112762,1.68486,4000,1.09405,0.999096
"v_ad_platform_film[4,5]",0.208204,0.0149699,0.94678,-1.35848,0.21042,1.80244,4000,1.09405,0.999733
"v_ad_platform_film[4,6]",0.214168,0.0149333,0.944465,-1.38207,0.233104,1.76907,4000,1.09405,0.999678
"v_ad_platform_film[4,7]",-0.0142232,0.014166,0.895939,-1.46478,-0.000442466,1.43302,4000,1.09405,0.999506
"v_ad_platform_film[4,8]",-0.0318271,0.014949,0.94546,-1.5555,-0.0421597,1.53844,4000,1.09405,0.999709
"v_ad_platform_film[4,9]",0.215614,0.0149108,0.943043,-1.36314,0.239512,1.75716,4000,1.09405,0.999444
"v_ad_platform_film[5,1]",0.52603,0.0141145,0.892677,-1.03004,0.560655,1.89467,4000,1.09405,1.00027
"v_ad_platform_film[5,2]",-0.733435,0.0125923,0.796409,-2.01185,-0.745787,0.61167,4000,1.09405,0.999622
"v_ad_platform_film[5,3]",-0.0254633,0.0152679,0.965629,-1.59486,-0.0376809,1.58038,4000,1.09405,1.00011
"v_ad_platform_film[5,4]",0.099413,0.0143343,0.906583,-1.41216,0.104644,1.58832,4000,1.09405,1.00004
"v_ad_platform_film[5,5]",-0.0938597,0.0145979,0.923253,-1.63794,-0.105237,1.42378,4000,1.09405,0.999754
"v_ad_platform_film[5,6]",0.760083,0.0130219,0.823579,-0.653866,0.788984,2.09051,4000,1.09405,1.00046
"v_ad_platform_film[5,7]",0.494103,0.0143531,0.907767,-1.10051,0.557303,1.89113,4000,1.09405,0.999735
"v_ad_platform_film[5,8]",-0.271791,0.0138566,0.876365,-1.73097,-0.275671,1.17197,4000,1.09405,0.999706
"v_ad_platform_film[5,9]",0.0775844,0.0129391,0.81834,-1.3269,0.0872048,1.41038,4000,1.09405,0.99921
"v_ad_platform_film[6,1]",0.037474,0.0139715,0.883635,-1.44285,0.0413005,1.51319,4000,1.09405,1.00051
"v_ad_platform_film[6,2]",0.639342,0.0131805,0.833611,-0.683925,0.62913,1.97959,4000,1.09405,1.00016
"v_ad_platform_film[6,3]",-0.0254566,0.0154665,0.97819,-1.65578,-0.0322039,1.60554,4000,1.09405,0.999352
"v_ad_platform_film[6,4]",-0.370904,0.0156137,0.987494,-1.93473,-0.40152,1.24841,4000,1.09405,1.00041
"v_ad_platform_film[6,5]",0.268004,0.0151188,0.956199,-1.34096,0.28487,1.79295,4000,1.09405,0.999899
"v_ad_platform_film[6,6]",-0.260455,0.0137433,0.869201,-1.66006,-0.270749,1.22906,4000,1.09405,1.00051
"v_ad_platform_film[6,7]",0.414198,0.0148467,0.938985,-1.16932,0.445332,1.90201,4000,1.09405,0.99932
"v_ad_platform_film[6,8]",-0.0918823,0.0146578,0.927039,-1.61811,-0.10617,1.44252,4000,1.09405,0.999366
"v_ad_platform_film[6,9]",0.0411153,0.0136725,0.864726,-1.38665,0.0445867,1.48058,4000,1.09405,0.999313
"v_ad_platform_film[7,1]",0.442209,0.0151527,0.958341,-1.16415,0.463542,1.9908,4000,1.09405,0.999451
"v_ad_platform_film[7,2]",-0.375415,0.0137893,0.872111,-1.75432,-0.391214,1.10832,4000,1.09405,0.999724
"v_ad_platform_film[7,3]",0.0115911,0.0154094,0.974578,-1.61086,-0.000527513,1.63463,4000,1.09405,0.999551
"v_ad_platform_film[7,4]",0.0305715,0.0153529,0.971001,-1.5538,0.0510164,1.61671,4000,1.09405,0.99972
"v_ad_platform_film[7,5]",-0.0272589,0.0153452,0.970515,-1.5783,-0.0263906,1.57908,4000,1.09405,1.00006
"v_ad_platform_film[7,6]",0.121157,0.0147443,0.93251,-1.44315,0.153633,1.6356,4000,1.09405,0.999846
"v_ad_platform_film[7,7]",-0.155335,0.0145801,0.922126,-1.73152,-0.131983,1.35919,4000,1.09405,0.999923
"v_ad_platform_film[7,8]",0.310751,0.0147608,0.933556,-1.24937,0.317749,1.78531,4000,1.09405,0.999941
"v_ad_platform_film[7,9]",0.73936,0.0156431,0.989354,-1.00206,0.797476,2.27484,4000,1.09405,1.00122
"v_film_sigma",0.567183,0.00879261,0.397418,0.146514,0.469346,1.33515,2042.96,0.558772,1.00068
"v_film_g_sigma[1]",1.50031,0.0336256,1.68672,0.33368,1.07036,3.7408,2516.2,0.688211,1.00011
"v_film_g_sigma[2]",1.2684,0.0408181,1.86344,0.229527,0.875301,3.36914,2084.13,0.570033,1.00173
"v_film_g[1]",0.0185839,0.0134238,0.755026,-1.17427,-0.00234889,1.32551,3163.53,0.865261,0.999925
"v_film_g[2]",-0.675587,0.0129886,0.75107,-1.91993,-0.658291,0.530983,3343.74,0.914552,0.999793
"v_film_s[1]",0.590188,0.0116177,0.682049,-0.450738,0.55561,1.75988,3446.61,0.942688,0.999297
"v_film_s[2]",0.946279,0.0108617,0.686955,-0.115194,0.901125,2.13298,4000,1.09405,0.999726
"v_film_s[3]",0.0335945,0.0109761,0.592656,-0.93929,0.0437698,0.979858,2915.5,0.797423,1.00088
"v_film_s[4]",-0.925817,0.0119357,0.668521,-2.10254,-0.886996,0.112295,3137.16,0.85805,0.999267
"v_film_s[5]",0.417458,0.0112787,0.652777,-0.608614,0.383726,1.53517,3349.73,0.916188,0.999447
"v_film_s[6]",-0.773585,0.0123977,0.686122,-1.97448,-0.746226,0.312068,3062.83,0.837718,0.99933
"v_film_s[7]",-0.961102,0.0109386,0.691819,-2.0964,-0.945482,0.141241,4000,1.09405,0.999923
# Inference for Stan model: lei_model
# 4 chains: each with iter=(1000,1000,1000,1000); warmup=(1000,1000,1000,1000); thin=(1,1,1,1); 8000 iterations saved.
#
# Warmup took (877, 901, 880, 831) seconds, 58 seconds total
# Sampling took (571, 938, 1133, 1014) seconds, 1.0 seconds total
#
# Samples were drawn using hmc with nuts.
# For each parameter, N_Eff is a crude measure of effective sample size,
# and R_hat is the potential scale reduction factor on split chains (at 
# convergence, R_hat=1).
