name,Mean,MCSE,StdDev,5%,50%,95%,N_Eff,N_Eff/s,R_hat
"lp__",-31.3331,1.14426,5.53115,-40.3397,-31.6178,-22.1712,23.3656,66.6259,0.993179
"accept_stat__",0.906213,0.0124643,0.124643,0.654833,0.950732,0.997494,100,285.145,1.01799
"stepsize__",0.165029,1.17459e-16,8.36862e-17,0.165029,0.165029,0.165029,0.507614,1.44744,0.989949
"treedepth__",4.92,0.0285814,0.27266,4,5,5,91.0072,259.502,0.989949
"n_leapfrog__",30.2,0.399244,3.50469,15,31,31,77.0586,219.729,0.992036
"divergent__",0,0,0,0,0,0,100,285.145,-nan
"energy__",52.0597,1.35166,7.36195,40.7267,52.1684,65.1619,29.6654,84.5893,1.00169
"y_tilde1[1]",-0.0614913,0.087547,0.87547,-1.4717,-0.0917042,1.2577,100,285.145,0.992393
"y_tilde1[2]",-0.261591,0.0958918,0.958918,-1.93914,-0.115357,1.20936,100,285.145,0.992061
"y_tilde1[3]",0.196532,0.0814571,0.814571,-1.09906,0.147533,1.57219,100,285.145,1.00665
"y_tilde1[4]",-0.364254,0.0959536,0.959536,-1.96924,-0.428659,1.15826,100,285.145,0.990833
"y_tilde1[5]",-0.0716643,0.0819076,0.819076,-1.37928,-0.119611,1.21022,100,285.145,0.9901
"y_tilde1[6]",0.145242,0.0958176,0.958176,-1.396,0.19195,1.63423,100,285.145,0.997662
"y_tilde1[7]",0.0211985,0.0976856,0.976856,-1.64528,0.0717939,1.68945,100,285.145,0.995121
"y_tilde1[8]",0.196701,0.0929557,0.929557,-1.58259,0.27425,1.5831,100,285.145,0.989997
"y_tilde1[9]",0.215072,0.0953792,0.953792,-1.38376,0.0961836,1.88122,100,285.145,0.990605
"y_tilde1[10]",0.507317,0.0825471,0.825471,-0.859267,0.463835,1.86301,100,285.145,0.990776
"y_tilde1[11]",0.0662949,0.103317,1.03317,-1.72424,0.192425,1.63785,100,285.145,0.989952
"y_tilde1[12]",0.323024,0.0936082,0.936082,-1.21955,0.35423,1.69446,100,285.145,0.993323
"y_tilde1[13]",-0.37483,0.119379,1.19379,-2.3305,-0.287659,1.30447,100,285.145,1.01226
"y_tilde1[14]",-0.108587,0.0917056,0.917056,-1.8196,-0.0131496,1.15292,100,285.145,0.989976
"y_tilde1[15]",-0.0103916,0.0799087,0.799087,-1.37641,-0.0299042,1.33096,100,285.145,0.993973
"y_tilde1[16]",0.155297,0.0985768,0.985768,-1.94495,0.238729,1.71857,100,285.145,0.992496
"y_tilde1[17]",0.243942,0.07334,0.7334,-0.915416,0.184876,1.4792,100,285.145,0.992958
"y_tilde1[18]",0.240974,0.0934106,0.934106,-1.49401,0.322292,1.58934,100,285.145,1.01476
"y_tilde1[19]",-0.592617,0.0766068,0.766068,-1.75953,-0.668599,0.716073,100,285.145,0.991853
"y_tilde1[20]",-0.669236,0.0935481,0.935481,-2.15996,-0.663211,0.812565,100,285.145,0.989961
"y_tilde1[21]",-0.491613,0.0902625,0.902625,-1.91945,-0.476681,0.902461,100,285.145,0.989961
"y_tilde1[22]",-0.221537,0.0874852,0.874852,-1.80513,-0.206581,1.0985,100,285.145,0.994563
"y_tilde1[23]",-0.093528,0.0886133,0.886133,-1.49017,-0.0785064,1.18806,100,285.145,0.996939
"y_tilde1[24]",0.133928,0.0718898,0.718898,-1.10469,0.153786,1.43937,100,285.145,0.990836
"y_tilde1[25]",0.174412,0.0901378,0.901378,-1.63402,0.0937281,1.39517,100,285.145,0.998235
"y_tilde1[26]",0.222766,0.0934938,0.934938,-1.20837,0.211527,1.64909,100,285.145,0.990767
"y_tilde1[27]",-0.0591671,0.0841887,0.841887,-1.54452,-0.0100772,1.32598,100,285.145,0.990144
"y_tilde1[28]",0.145253,0.0819196,0.819196,-1.21561,0.218794,1.50255,100,285.145,0.994599
"y_tilde1[29]",-0.280606,0.0770565,0.770565,-1.62652,-0.279046,1.01398,100,285.145,0.993346
"y_tilde1[30]",0.161809,0.0721157,0.721157,-1.31452,0.250188,1.17623,100,285.145,1.00456
"y_tilde1[31]",0.681413,0.0904196,0.904196,-0.846179,0.730524,2.04886,100,285.145,0.99227
"y_tilde1[32]",0.15329,0.0663132,0.663132,-1.00052,0.257219,1.01093,100,285.145,1.00482
"y_tilde1[33]",-0.252998,0.081193,0.81193,-1.55487,-0.261223,1.04603,100,285.145,0.992986
"y_tilde1[34]",0.0504863,0.0663599,0.663599,-1.12668,0.0497701,1.08293,100,285.145,0.99755
"y_tilde1[35]",0.0262469,0.0737581,0.737581,-1.59763,0.142217,1.2695,100,285.145,0.993358
"eta_sq",0.286085,0.0517908,0.289029,0.0115503,0.19126,0.85275,31.1442,88.806,0.991377
"inv_rho",4.44756,0.233203,2.33203,1.90567,3.94087,8.75675,100,285.145,0.990002
"sigma_sq",0.111952,0.0122053,0.122053,0.00302953,0.0676629,0.32936,100,285.145,1.00202
"mu_0",-0.0632098,0.0515044,0.515044,-1.11663,0.0116502,0.67026,100,285.145,1.00084
"mu_b",0.0412686,0.00267511,0.0246408,-0.00179257,0.0382973,0.0847466,84.845,241.931,0.991059
"NB_phi_inv",0.0969307,0.00982848,0.0982848,0.00589287,0.0698586,0.295772,100,285.145,0.995926
"y1[1]",-0.0887445,0.0469483,0.469483,-0.948853,-0.105079,0.527088,100,285.145,1.00651
"y1[2]",-0.201197,0.0580944,0.580944,-1.25344,-0.223056,0.698805,100,285.145,0.995471
"y1[3]",-0.012187,0.0466475,0.466475,-0.763219,-0.0269454,0.703983,100,285.145,0.995437
"y1[4]",-0.179721,0.0487556,0.487556,-1.12841,-0.141985,0.568559,100,285.145,1.0073
"y1[5]",-0.0688536,0.048847,0.444356,-0.88209,-0.0347977,0.557402,82.7532,235.966,1.00964
"y1[6]",0.126813,0.0441532,0.441532,-0.675924,0.152723,0.813608,100,285.145,0.993614
"y1[7]",0.20104,0.0468756,0.468756,-0.772272,0.245478,0.88597,100,285.145,0.992306
"y1[8]",0.295945,0.0472991,0.472991,-0.60325,0.276718,1.12689,100,285.145,0.991966
"y1[9]",0.336758,0.0428362,0.428362,-0.448596,0.376517,0.960597,100,285.145,1.00389
"y1[10]",0.585464,0.0355565,0.355565,-0.0748777,0.578537,1.15938,100,285.145,0.989976
"y1[11]",0.559552,0.0423976,0.423976,-0.161209,0.603451,1.24328,100,285.145,0.991179
"y1[12]",0.722171,0.0418315,0.418315,-0.0975801,0.716581,1.37883,100,285.145,1.0187
"y1[13]",0.494601,0.0476974,0.476974,-0.336236,0.476489,1.32885,100,285.145,1.01553
"y1[14]",0.492011,0.0472677,0.472677,-0.307007,0.548463,1.22175,100,285.145,1.01349
"y1[15]",0.478262,0.0527497,0.409631,-0.251361,0.47957,1.12996,60.304,171.954,1.01353
"y1[16]",0.651565,0.0421035,0.421035,-0.0504259,0.712808,1.26703,100,285.145,1.00808
"y1[17]",0.747845,0.0387681,0.387681,-0.0548107,0.780944,1.26074,100,285.145,1.01797
"y1[18]",0.902925,0.0385249,0.378789,0.245479,0.87963,1.59022,96.6744,275.662,1.00848
"y1[19]",0.539931,0.0352093,0.352093,-0.0650298,0.547489,1.12468,100,285.145,1.04293
"y1[20]",0.371377,0.045645,0.45645,-0.466153,0.401045,0.929028,100,285.145,0.996087
"y1[21]",0.345968,0.0483075,0.483075,-0.587865,0.426197,1.02033,100,285.145,0.990901
"y1[22]",0.382457,0.053183,0.502024,-0.631785,0.429296,1.06899,89.1054,254.079,1.02098
"y1[23]",0.481649,0.0447273,0.441852,-0.4775,0.555123,1.04947,97.5905,278.274,0.991936
"y1[24]",0.71678,0.0384015,0.384015,-0.0183127,0.73156,1.34467,100,285.145,0.991946
"y1[25]",0.905414,0.0406815,0.406815,0.301148,0.912982,1.52287,100,285.145,0.996321
"y1[26]",1.09097,0.0369449,0.369449,0.496134,1.06327,1.68566,100,285.145,1.01789
"y1[27]",1.05,0.0352892,0.352892,0.462779,1.03088,1.64278,100,285.145,1.01163
"y1[28]",1.13531,0.0364389,0.364389,0.630567,1.10736,1.80317,100,285.145,0.990012
"y1[29]",0.976092,0.0400953,0.400953,0.331479,1.00037,1.60874,100,285.145,0.990547
"y1[30]",1.15799,0.0377412,0.377412,0.610227,1.14969,1.75482,100,285.145,0.993605
"y1[31]",1.46543,0.0332022,0.332022,0.841514,1.48615,1.9625,100,285.145,0.992118
"y1[32]",1.44567,0.0348453,0.348453,0.882929,1.43709,2.10166,100,285.145,0.992804
"y1[33]",1.32632,0.040762,0.40762,0.71992,1.299,1.94618,100,285.145,0.996501
"y1[34]",1.41293,0.0336416,0.336416,0.905401,1.40528,1.9375,100,285.145,0.995714
"y1[35]",1.40675,0.0378673,0.378673,0.692829,1.4713,1.94161,100,285.145,0.990456
"y2[1]",-0.107378,0.075078,0.688247,-1.01913,-0.153399,1.21715,84.0356,239.623,1.02211
"y2[2]",-0.129155,0.0598312,0.552171,-1.04219,-0.154208,0.848144,85.1712,242.861,1.00587
"y2[3]",-0.179947,0.0616794,0.603967,-1.16748,-0.194829,0.758877,95.8838,273.408,0.991407
"y2[4]",-0.100366,0.0570892,0.570892,-0.943162,-0.109792,0.893037,100,285.145,0.991873
"y2[5]",-0.135757,0.0614087,0.561157,-1.01625,-0.177153,0.801603,83.5044,238.108,1.00668
"y2[6]",-0.0575991,0.0865975,0.628072,-1.18812,-0.0744016,0.9574,52.6026,149.994,1.03326
"y2[7]",-0.0715992,0.0564931,0.564931,-1.08079,-0.117622,0.903653,100,285.145,1.00689
"y2[8]",-0.0722916,0.0597215,0.516796,-0.99276,-0.124567,0.79855,74.882,213.522,0.990094
"y2[9]",-0.0996447,0.0547607,0.536641,-0.954747,-0.112592,0.753077,96.035,273.839,0.992179
"y2[10]",-0.0564958,0.0517166,0.476657,-0.76769,-0.0777637,0.806152,84.9479,242.224,0.992597
"y2[11]",-0.0256087,0.0518475,0.518475,-0.968173,-0.0678171,0.808252,100,285.145,1.01971
"y2[12]",-0.0415672,0.0526019,0.526019,-0.950683,-0.0733572,0.767186,100,285.145,0.993359
"y2[13]",-0.0358893,0.0608484,0.480494,-0.773161,-0.0497942,0.742978,62.3561,177.805,0.990332
"y2[14]",0.0316269,0.0645055,0.54673,-0.980884,0.0600951,0.789927,71.8376,204.841,1.00058
"y2[15]",0.0137098,0.0546519,0.495539,-0.865067,0.0402499,0.700095,82.2137,234.428,1.00213
"y2[16]",-0.000474461,0.0659488,0.553756,-1.10068,-0.0167963,0.772785,70.5056,201.043,1.0018
"y2[17]",0.0355539,0.0557545,0.496251,-1.00323,0.0961113,0.786201,79.2216,225.896,0.992716
"y2[18]",0.0826106,0.0543536,0.543536,-0.919379,0.0849847,0.920968,100,285.145,1.02937
"y2[19]",0.0587034,0.0563816,0.509325,-1.01644,0.148229,0.745831,81.6045,232.691,1.00603
"y2[20]",0.0985037,0.0603369,0.544657,-1.01333,0.132902,0.952313,81.4854,232.351,0.991778
"y2[21]",0.0120979,0.0484476,0.484476,-0.819234,0.0428213,0.806465,100,285.145,1.00918
"y2[22]",0.121028,0.0567142,0.51818,-0.80505,0.161936,0.952828,83.4791,238.036,1.02116
"y2[23]",0.116027,0.064913,0.497416,-0.702367,0.134743,0.89042,58.7186,167.433,1.01189
"y2[24]",0.211556,0.0526588,0.514325,-0.817932,0.198325,1.09544,95.3966,272.018,0.991166
"y2[25]",0.187848,0.0483677,0.483677,-0.780436,0.201789,0.936885,100,285.145,0.99124
"y2[26]",0.18841,0.0501454,0.468209,-0.606474,0.22152,0.993667,87.1801,248.59,1.02993
"y2[27]",0.215973,0.0510284,0.510284,-0.608652,0.268422,1.07228,100,285.145,0.991848
"y2[28]",0.269225,0.04927,0.4927,-0.51902,0.275269,1.1826,100,285.145,1.00409
"y2[29]",0.253629,0.048885,0.449775,-0.594698,0.293994,0.918828,84.6523,241.382,1.01199
"y2[30]",0.314668,0.0505308,0.505308,-0.803836,0.336643,1.05972,100,285.145,1.00305
"y2[31]",0.318075,0.0484363,0.484363,-0.610391,0.318657,1.04606,100,285.145,0.995484
"y2[32]",0.294972,0.0510102,0.510102,-0.425955,0.272791,1.14697,100,285.145,0.990171
"y2[33]",0.350835,0.0508673,0.497336,-0.605557,0.420832,1.04193,95.5922,272.576,1.00235
"y2[34]",0.387667,0.0538549,0.538549,-0.386879,0.398647,1.16206,100,285.145,0.990028
"y2[35]",0.502722,0.0413902,0.413902,-0.168415,0.516456,1.11499,100,285.145,0.992137
"y2[36]",0.447064,0.0460335,0.410426,-0.251069,0.45816,1.18572,79.4917,226.666,1.07027
"y2[37]",0.500604,0.0493834,0.474974,-0.0932031,0.505347,1.33374,92.5076,263.781,0.989994
"y2[38]",0.559695,0.0591665,0.488444,-0.350712,0.614567,1.33956,68.1518,194.331,1.01342
"y2[39]",0.5462,0.060961,0.469083,-0.259097,0.60899,1.25219,59.2099,168.834,1.01542
"y2[40]",0.556073,0.0493486,0.493486,-0.346071,0.580882,1.24324,100,285.145,0.993471
"y2[41]",0.577467,0.0449229,0.449229,-0.210523,0.617138,1.28719,100,285.145,1.02764
"y2[42]",0.632633,0.0562843,0.462849,-0.208324,0.674042,1.3182,67.6246,192.828,0.996621
"y2[43]",0.619413,0.054896,0.54896,-0.216403,0.627501,1.39853,100,285.145,1.0069
"y2[44]",0.562209,0.0452693,0.452693,-0.290313,0.580181,1.30693,100,285.145,1.03431
"y2[45]",0.586088,0.0450556,0.450556,-0.169358,0.596611,1.26444,100,285.145,1.05474
"y2[46]",0.628323,0.0569743,0.47814,-0.23374,0.604807,1.3947,70.4291,200.825,1.0293
"y2[47]",0.532623,0.0482791,0.482791,-0.273143,0.548806,1.2706,100,285.145,1.09902
"y2[48]",0.495205,0.0516345,0.516345,-0.480469,0.510546,1.32219,100,285.145,1.03169
"y2[49]",0.597768,0.0538304,0.538304,-0.305449,0.555655,1.47697,100,285.145,1.0204
"y2[50]",0.539976,0.0519687,0.496306,-0.230285,0.491141,1.3924,91.2041,260.064,1.0205
"y2[51]",0.519454,0.0484332,0.484332,-0.451423,0.481465,1.34695,100,285.145,1.00652
"y2[52]",0.569092,0.0512838,0.512838,-0.280672,0.50155,1.59192,100,285.145,1.01313
"y2[53]",0.538897,0.0463799,0.463799,-0.270302,0.533566,1.27081,100,285.145,1.00003
"y2[54]",0.440776,0.0599575,0.526171,-0.408928,0.485788,1.22894,77.0134,219.6,1.00021
"y2[55]",0.565355,0.0495508,0.495508,-0.194881,0.591795,1.33085,100,285.145,1.01503
"y2[56]",0.568127,0.04598,0.4598,-0.181607,0.590845,1.37122,100,285.145,0.99391
"y2[57]",0.596678,0.0455626,0.455626,-0.355535,0.60717,1.20194,100,285.145,0.998911
"y2[58]",0.602798,0.0499517,0.449576,-0.214335,0.623329,1.32993,81.004,230.979,0.994164
"y2[59]",0.606318,0.0535788,0.515294,-0.342695,0.586398,1.38865,92.4963,263.748,1.02424
"y2[60]",0.62158,0.0441133,0.441133,-0.236222,0.730682,1.23482,100,285.145,0.98997
"y2[61]",0.709471,0.0569107,0.469728,-0.0593297,0.669884,1.46155,68.1247,194.254,0.994305
"y2[62]",0.730348,0.0427217,0.427217,0.0246422,0.725851,1.51129,100,285.145,1.00245
"y2[63]",0.68295,0.0539105,0.474294,-0.121646,0.688923,1.44762,77.4015,220.706,0.990017
"y2[64]",0.722493,0.0560367,0.528661,-0.316746,0.723643,1.54553,89.0042,253.791,0.991321
"y2[65]",0.727054,0.0491615,0.454785,-0.135116,0.726028,1.45546,85.5781,244.021,0.991945
"y2[66]",0.747895,0.0455403,0.455403,-0.0139464,0.767721,1.44837,100,285.145,1.01824
"y2[67]",0.744165,0.0492024,0.456072,-0.0632365,0.807184,1.63851,85.9201,244.997,1.01681
"y2[68]",0.749054,0.0492716,0.452176,0.0297105,0.763278,1.44537,84.2212,240.152,0.998413
"y2[69]",0.707697,0.0482685,0.482685,-0.271621,0.757413,1.50734,100,285.145,1.08111
"y2[70]",0.657895,0.0504918,0.434095,-0.0885464,0.663765,1.27922,73.914,210.762,1.03209
"y2[71]",0.64507,0.0461839,0.420566,-0.0947585,0.670961,1.30707,82.9255,236.458,1.03772
"y2[72]",0.630345,0.0472547,0.472547,-0.204341,0.622436,1.44427,100,285.145,1.02746
"y2[73]",0.507485,0.0426358,0.387666,-0.260902,0.540461,1.09179,82.6737,235.74,0.995757
"y2[74]",0.528292,0.0442319,0.442319,-0.363979,0.585213,1.14945,100,285.145,1.01163
"y2[75]",0.486654,0.0422971,0.422971,-0.311563,0.552531,1.10099,100,285.145,1.0096
"y2[76]",0.480909,0.0535826,0.478398,-0.243284,0.517644,1.20088,79.7133,227.298,0.997647
"y2[77]",0.466984,0.041753,0.41753,-0.283287,0.465208,1.12943,100,285.145,0.996527
"y2[78]",0.40957,0.0457927,0.457927,-0.40369,0.351475,1.03677,100,285.145,0.996592
"y2[79]",0.417173,0.0533013,0.511047,-0.322967,0.473608,1.09822,91.9279,262.127,0.990657
"y2[80]",0.43487,0.05174,0.509539,-0.368882,0.460773,1.28018,96.9844,276.546,0.997771
"y2[81]",0.47149,0.0480849,0.480849,-0.43164,0.450201,1.16364,100,285.145,0.997239
"y2[82]",0.425275,0.0645175,0.516907,-0.452269,0.425685,1.1771,64.1904,183.036,1.00279
"y2[83]",0.461603,0.0607557,0.490616,-0.393441,0.481326,1.23925,65.2091,185.94,0.990589
"y2[84]",0.442437,0.0499553,0.499553,-0.433458,0.448237,1.19739,100,285.145,0.98995
"y2[85]",0.415542,0.0541132,0.541132,-0.438132,0.462316,1.15046,100,285.145,0.990528
"y2[86]",0.501895,0.0572094,0.458572,-0.350808,0.519788,1.10929,64.2511,183.209,0.993964
"y2[87]",0.58088,0.0646487,0.531539,-0.145342,0.590308,1.58106,67.6007,192.76,1.00257
"y2[88]",0.609843,0.0495849,0.495849,-0.166263,0.652931,1.2819,100,285.145,0.990264
"y2[89]",0.554853,0.0451358,0.445817,-0.273452,0.586367,1.25892,97.5601,278.187,0.990285
"y2[90]",0.599435,0.0485053,0.428516,-0.170032,0.631288,1.25701,78.0469,222.547,1.0041
"y2[91]",0.734441,0.0474405,0.474405,-0.194364,0.768634,1.44858,100,285.145,0.99909
"y2[92]",0.733631,0.0516435,0.516435,-0.126556,0.789322,1.52569,100,285.145,1.01638
"y2[93]",0.830789,0.0546504,0.546504,-0.191853,0.838499,1.69773,100,285.145,0.989967
"y2[94]",0.800236,0.0415703,0.415703,0.062789,0.831769,1.46952,100,285.145,0.994504
"y2[95]",0.836471,0.0508866,0.508866,-0.0370628,0.855583,1.66475,100,285.145,1.02425
"y2[96]",0.911319,0.0493404,0.493404,0.00453016,0.885243,1.82734,100,285.145,1.01426
"y2[97]",0.917258,0.0464195,0.464195,0.26131,0.81821,1.71313,100,285.145,1.02022
"y2[98]",1.01079,0.0431184,0.431184,0.470837,0.998291,1.66914,100,285.145,1.00285
"y2[99]",0.99247,0.0475681,0.475681,0.0671373,1.00116,1.82017,100,285.145,1.00622
"y2[100]",1.00509,0.0491953,0.491953,0.311329,0.968226,1.8894,100,285.145,1.02256
"y2[101]",0.986568,0.0487548,0.487548,0.031603,1.00529,1.69942,100,285.145,1.01682
"y2[102]",1.03521,0.0402852,0.402852,0.504658,1.04071,1.66489,100,285.145,0.992354
"y2[103]",1.00827,0.0473678,0.473678,0.341683,1.036,1.76567,100,285.145,1.02672
"y2[104]",1.05372,0.0391283,0.391283,0.438672,1.03402,1.72016,100,285.145,1.00022
"y2[105]",1.02749,0.0451748,0.451748,0.272826,1.03418,1.73376,100,285.145,0.992383
"y2[106]",0.981983,0.04203,0.4203,0.162338,1.02284,1.54023,100,285.145,0.998995
"y2[107]",0.998906,0.0533223,0.533223,-0.0383649,1.00993,1.66927,100,285.145,1.00707
"y2[108]",1.0216,0.0535431,0.441872,0.328088,0.986487,1.72398,68.1059,194.2,0.999955
"y2[109]",1.03998,0.0411327,0.411327,0.303323,1.00521,1.77153,100,285.145,0.997219
"y2[110]",1.02878,0.0441806,0.441806,0.214486,1.03295,1.67761,100,285.145,0.996902
"y2[111]",1.122,0.0402524,0.402524,0.445263,1.08261,1.78081,100,285.145,0.995221
"y2[112]",1.12907,0.0453211,0.453211,0.381862,1.10321,1.87818,100,285.145,0.992336
"y2[113]",1.10787,0.0564667,0.472269,0.372124,1.07016,1.82,69.9511,199.462,0.99845
"y2[114]",1.11768,0.0376846,0.376846,0.446686,1.06828,1.76457,100,285.145,0.9981
"y2[115]",1.15518,0.0412224,0.412224,0.532439,1.18072,1.81779,100,285.145,0.990958
"y2[116]",1.23193,0.0494886,0.494886,0.417646,1.21881,1.91273,100,285.145,0.990494
"y2[117]",1.24388,0.039433,0.39433,0.486394,1.24658,1.82037,100,285.145,0.989954
"y2[118]",1.23736,0.0370912,0.370912,0.637234,1.22215,1.90772,100,285.145,0.998093
"y2[119]",1.26024,0.0440202,0.434577,0.49754,1.26512,1.8589,97.461,277.905,1.004
"y2[120]",1.30546,0.0469837,0.469837,0.547365,1.34112,2.17054,100,285.145,0.992041
"y2[121]",1.30843,0.0452844,0.452844,0.686519,1.27963,2.12759,100,285.145,1.00303
"y2[122]",1.38074,0.039304,0.39304,0.757361,1.34544,2.05325,100,285.145,0.991998
"y2[123]",1.33959,0.0448706,0.433125,0.633882,1.36213,1.9051,93.1758,265.686,1.00399
"y2[124]",1.43425,0.0492668,0.492668,0.632142,1.4586,2.28977,100,285.145,0.990575
"y2[125]",1.39252,0.0473835,0.46517,0.609194,1.39566,2.19117,96.3761,274.811,1.00305
"y2[126]",1.40808,0.0448007,0.448007,0.703041,1.3594,2.19615,100,285.145,0.995799
"y2[127]",1.37675,0.0498898,0.498898,0.507931,1.41206,2.19984,100,285.145,0.993818
"y2[128]",1.37441,0.0423621,0.423621,0.661785,1.37821,2.07973,100,285.145,0.994639
"y2[129]",1.43439,0.0433396,0.433396,0.662439,1.4276,2.11039,100,285.145,0.991825
"y2[130]",1.41651,0.0431121,0.431121,0.679471,1.39964,2.22576,100,285.145,0.991617
"y2[131]",1.46409,0.0505192,0.505192,0.721101,1.44109,2.36192,100,285.145,0.990299
"y2[132]",1.39213,0.0446726,0.439095,0.668638,1.38654,2.1263,96.6128,275.486,1.00707
"y2[133]",1.44384,0.0494563,0.494563,0.684626,1.43204,2.18474,100,285.145,0.990508
"y2[134]",1.41608,0.0424296,0.424296,0.700738,1.39281,1.98908,100,285.145,0.992201
"y2[135]",1.49602,0.0519635,0.519635,0.629263,1.48757,2.54625,100,285.145,1.00743
"y2[136]",1.47578,0.0524092,0.489225,0.559573,1.51313,2.05292,87.1369,248.466,0.991658
"y2[137]",1.3787,0.0472868,0.456985,0.375336,1.42762,1.99563,93.3952,266.311,1.03713
"y2[138]",1.50771,0.0478526,0.465567,0.705708,1.4861,2.10837,94.6569,269.909,0.990477
"y2[139]",1.46926,0.0511489,0.481475,0.565255,1.48676,2.15538,88.6085,252.662,1.0274
"y2[140]",1.41679,0.0535527,0.535527,0.497614,1.39902,2.18404,100,285.145,1.0034
"y2[141]",1.4774,0.0535774,0.49707,0.482562,1.52232,2.22901,86.074,245.436,1.0256
"y2[142]",1.45128,0.0543295,0.543295,0.473694,1.52083,2.29722,100,285.145,1.02032
"y2[143]",1.4765,0.0588337,0.588337,0.397954,1.55854,2.35088,100,285.145,0.99896
"y2[144]",1.43525,0.0816478,0.617018,0.2811,1.47251,2.33793,57.1092,162.844,1.00266
"y2[145]",1.45838,0.0590565,0.590565,0.310734,1.54665,2.4048,100,285.145,0.992474
"y2[146]",1.45758,0.0636218,0.578579,0.41641,1.5455,2.32175,82.7015,235.819,0.992555
"y2[147]",1.41171,0.0647771,0.647771,0.296028,1.50576,2.25447,100,285.145,1.00333
"y2[148]",1.50531,0.0608304,0.576479,0.617083,1.51932,2.43828,89.8103,256.089,0.995379
"y2[149]",1.40275,0.0680914,0.640696,0.284224,1.51532,2.27718,88.5361,252.456,1.01244
"y2[150]",1.44944,0.060153,0.60153,0.359598,1.44193,2.38232,100,285.145,0.991326
"y2[151]",1.46544,0.072476,0.72476,0.266666,1.50841,2.5008,100,285.145,0.990274
"y2[152]",1.41886,0.0664691,0.664691,0.24387,1.4407,2.39996,100,285.145,0.997562
"y2[153]",1.54744,0.0713011,0.713011,0.367462,1.60623,2.70154,100,285.145,0.991828
"y2[154]",1.44933,0.0730817,0.730817,0.19728,1.4949,2.49322,100,285.145,1.02823
"y2[155]",1.50378,0.0766512,0.705445,0.131923,1.54634,2.42112,84.701,241.521,1.00597
"y2[156]",1.53041,0.071151,0.71151,0.25792,1.58746,2.65449,100,285.145,0.98995
"y2[157]",1.46957,0.0772869,0.757663,0.208132,1.49335,2.74305,96.1037,274.035,0.994529
"y2[158]",1.50876,0.0755995,0.755995,0.102237,1.56799,2.5869,100,285.145,0.993138
"y2[159]",1.5748,0.0859623,0.785893,0.214938,1.65101,2.95073,83.5815,238.328,1.00175
"y2[160]",1.54435,0.0738371,0.738371,0.218728,1.59343,2.68633,100,285.145,1.00747
"y2[161]",1.59301,0.0827221,0.827221,0.0265574,1.7162,2.73744,100,285.145,0.992069
"y2[162]",1.65235,0.0782478,0.782478,0.240837,1.74241,2.7333,100,285.145,0.99239
"y2[163]",1.58569,0.0796036,0.796036,0.189095,1.64727,2.90165,100,285.145,0.999436
"y2[164]",1.5922,0.0882783,0.811462,0.146218,1.62934,2.78013,84.4946,240.932,1.01036
"y2[165]",1.67696,0.0824703,0.824703,0.403477,1.73545,2.93038,100,285.145,1.01278
"y2[166]",1.63551,0.0797054,0.788906,-0.00937037,1.72494,2.79921,97.966,279.345,1.01385
"y2[167]",1.58657,0.0835525,0.835525,0.0374325,1.7096,2.68751,100,285.145,0.994388
"y2[168]",1.63633,0.0840041,0.811214,0.0457284,1.80544,2.71049,93.2546,265.911,1.00952
"y2[169]",1.68057,0.0825983,0.825983,0.205875,1.70544,2.88456,100,285.145,1.00413
"y2[170]",1.68358,0.0894694,0.820693,0.200663,1.75031,2.82482,84.1419,239.926,1.00984
"y2[171]",1.63959,0.0809068,0.809068,0.201321,1.67081,2.75905,100,285.145,0.999742
"y2[172]",1.68127,0.0778014,0.750496,0.26881,1.77471,2.89586,93.0513,265.331,0.990255
"y2[173]",1.691,0.0824528,0.824528,0.0604994,1.77135,2.7757,100,285.145,0.991889
"y2[174]",1.72046,0.0816971,0.816971,0.180593,1.80437,2.9684,100,285.145,0.993519
"y2[175]",1.71149,0.0890774,0.824318,-0.0316494,1.73317,2.81409,85.6357,244.186,1.00707
"y2[176]",1.78474,0.0914206,0.890586,0.0541173,1.7678,3.13632,94.8994,270.601,0.990552
"y[1]",-0.0887445,0.0469483,0.469483,-0.948853,-0.105079,0.527088,100,285.145,1.00651
"y[2]",-0.201197,0.0580944,0.580944,-1.25344,-0.223056,0.698805,100,285.145,0.995471
"y[3]",-0.012187,0.0466475,0.466475,-0.763219,-0.0269454,0.703983,100,285.145,0.995437
"y[4]",-0.179721,0.0487556,0.487556,-1.12841,-0.141985,0.568559,100,285.145,1.0073
"y[5]",-0.0688536,0.048847,0.444356,-0.88209,-0.0347977,0.557402,82.7532,235.966,1.00964
"y[6]",0.126813,0.0441532,0.441532,-0.675924,0.152723,0.813608,100,285.145,0.993614
"y[7]",0.20104,0.0468756,0.468756,-0.772272,0.245478,0.88597,100,285.145,0.992306
"y[8]",0.295945,0.0472991,0.472991,-0.60325,0.276718,1.12689,100,285.145,0.991966
"y[9]",0.336758,0.0428362,0.428362,-0.448596,0.376517,0.960597,100,285.145,1.00389
"y[10]",0.585464,0.0355565,0.355565,-0.0748777,0.578537,1.15938,100,285.145,0.989976
"y[11]",0.559552,0.0423976,0.423976,-0.161209,0.603451,1.24328,100,285.145,0.991179
"y[12]",0.722171,0.0418315,0.418315,-0.0975801,0.716581,1.37883,100,285.145,1.0187
"y[13]",0.494601,0.0476974,0.476974,-0.336236,0.476489,1.32885,100,285.145,1.01553
"y[14]",0.492011,0.0472677,0.472677,-0.307007,0.548463,1.22175,100,285.145,1.01349
"y[15]",0.478262,0.0527497,0.409631,-0.251361,0.47957,1.12996,60.304,171.954,1.01353
"y[16]",0.651565,0.0421035,0.421035,-0.0504259,0.712808,1.26703,100,285.145,1.00808
"y[17]",0.747845,0.0387681,0.387681,-0.0548107,0.780944,1.26074,100,285.145,1.01797
"y[18]",0.902925,0.0385249,0.378789,0.245479,0.87963,1.59022,96.6744,275.662,1.00848
"y[19]",0.539931,0.0352093,0.352093,-0.0650298,0.547489,1.12468,100,285.145,1.04293
"y[20]",0.371377,0.045645,0.45645,-0.466153,0.401045,0.929028,100,285.145,0.996087
"y[21]",0.345968,0.0483075,0.483075,-0.587865,0.426197,1.02033,100,285.145,0.990901
"y[22]",0.382457,0.053183,0.502024,-0.631785,0.429296,1.06899,89.1054,254.079,1.02098
"y[23]",0.481649,0.0447273,0.441852,-0.4775,0.555123,1.04947,97.5905,278.274,0.991936
"y[24]",0.71678,0.0384015,0.384015,-0.0183127,0.73156,1.34467,100,285.145,0.991946
"y[25]",0.905414,0.0406815,0.406815,0.301148,0.912982,1.52287,100,285.145,0.996321
"y[26]",1.09097,0.0369449,0.369449,0.496134,1.06327,1.68566,100,285.145,1.01789
"y[27]",1.05,0.0352892,0.352892,0.462779,1.03088,1.64278,100,285.145,1.01163
"y[28]",1.13531,0.0364389,0.364389,0.630567,1.10736,1.80317,100,285.145,0.990012
"y[29]",0.976092,0.0400953,0.400953,0.331479,1.00037,1.60874,100,285.145,0.990547
"y[30]",1.15799,0.0377412,0.377412,0.610227,1.14969,1.75482,100,285.145,0.993605
"y[31]",1.46543,0.0332022,0.332022,0.841514,1.48615,1.9625,100,285.145,0.992118
"y[32]",1.44567,0.0348453,0.348453,0.882929,1.43709,2.10166,100,285.145,0.992804
"y[33]",1.32632,0.040762,0.40762,0.71992,1.299,1.94618,100,285.145,0.996501
"y[34]",1.41293,0.0336416,0.336416,0.905401,1.40528,1.9375,100,285.145,0.995714
"y[35]",1.40675,0.0378673,0.378673,0.692829,1.4713,1.94161,100,285.145,0.990456
"y[36]",-0.107378,0.075078,0.688247,-1.01913,-0.153399,1.21715,84.0356,239.623,1.02211
"y[37]",-0.129155,0.0598312,0.552171,-1.04219,-0.154208,0.848144,85.1712,242.861,1.00587
"y[38]",-0.179947,0.0616794,0.603967,-1.16748,-0.194829,0.758877,95.8838,273.408,0.991407
"y[39]",-0.100366,0.0570892,0.570892,-0.943162,-0.109792,0.893037,100,285.145,0.991873
"y[40]",-0.135757,0.0614087,0.561157,-1.01625,-0.177153,0.801603,83.5044,238.108,1.00668
"y[41]",-0.0575991,0.0865975,0.628072,-1.18812,-0.0744016,0.9574,52.6026,149.994,1.03326
"y[42]",-0.0715992,0.0564931,0.564931,-1.08079,-0.117622,0.903653,100,285.145,1.00689
"y[43]",-0.0722916,0.0597215,0.516796,-0.99276,-0.124567,0.79855,74.882,213.522,0.990094
"y[44]",-0.0996447,0.0547607,0.536641,-0.954747,-0.112592,0.753077,96.035,273.839,0.992179
"y[45]",-0.0564958,0.0517166,0.476657,-0.76769,-0.0777637,0.806152,84.9479,242.224,0.992597
"y[46]",-0.0256087,0.0518475,0.518475,-0.968173,-0.0678171,0.808252,100,285.145,1.01971
"y[47]",-0.0415672,0.0526019,0.526019,-0.950683,-0.0733572,0.767186,100,285.145,0.993359
"y[48]",-0.0358893,0.0608484,0.480494,-0.773161,-0.0497942,0.742978,62.3561,177.805,0.990332
"y[49]",0.0316269,0.0645055,0.54673,-0.980884,0.0600951,0.789927,71.8376,204.841,1.00058
"y[50]",0.0137098,0.0546519,0.495539,-0.865067,0.0402499,0.700095,82.2137,234.428,1.00213
"y[51]",-0.000474461,0.0659488,0.553756,-1.10068,-0.0167963,0.772785,70.5056,201.043,1.0018
"y[52]",0.0355539,0.0557545,0.496251,-1.00323,0.0961113,0.786201,79.2216,225.896,0.992716
"y[53]",0.0826106,0.0543536,0.543536,-0.919379,0.0849847,0.920968,100,285.145,1.02937
"y[54]",0.0587034,0.0563816,0.509325,-1.01644,0.148229,0.745831,81.6045,232.691,1.00603
"y[55]",0.0985037,0.0603369,0.544657,-1.01333,0.132902,0.952313,81.4854,232.351,0.991778
"y[56]",0.0120979,0.0484476,0.484476,-0.819234,0.0428213,0.806465,100,285.145,1.00918
"y[57]",0.121028,0.0567142,0.51818,-0.80505,0.161936,0.952828,83.4791,238.036,1.02116
"y[58]",0.116027,0.064913,0.497416,-0.702367,0.134743,0.89042,58.7186,167.433,1.01189
"y[59]",0.211556,0.0526588,0.514325,-0.817932,0.198325,1.09544,95.3966,272.018,0.991166
"y[60]",0.187848,0.0483677,0.483677,-0.780436,0.201789,0.936885,100,285.145,0.99124
"y[61]",0.18841,0.0501454,0.468209,-0.606474,0.22152,0.993667,87.1801,248.59,1.02993
"y[62]",0.215973,0.0510284,0.510284,-0.608652,0.268422,1.07228,100,285.145,0.991848
"y[63]",0.269225,0.04927,0.4927,-0.51902,0.275269,1.1826,100,285.145,1.00409
"y[64]",0.253629,0.048885,0.449775,-0.594698,0.293994,0.918828,84.6523,241.382,1.01199
"y[65]",0.314668,0.0505308,0.505308,-0.803836,0.336643,1.05972,100,285.145,1.00305
"y[66]",0.318075,0.0484363,0.484363,-0.610391,0.318657,1.04606,100,285.145,0.995484
"y[67]",0.294972,0.0510102,0.510102,-0.425955,0.272791,1.14697,100,285.145,0.990171
"y[68]",0.350835,0.0508673,0.497336,-0.605557,0.420832,1.04193,95.5922,272.576,1.00235
"y[69]",0.387667,0.0538549,0.538549,-0.386879,0.398647,1.16206,100,285.145,0.990028
"y[70]",0.502722,0.0413902,0.413902,-0.168415,0.516456,1.11499,100,285.145,0.992137
"y[71]",0.447064,0.0460335,0.410426,-0.251069,0.45816,1.18572,79.4917,226.666,1.07027
"y[72]",0.500604,0.0493834,0.474974,-0.0932031,0.505347,1.33374,92.5076,263.781,0.989994
"y[73]",0.559695,0.0591665,0.488444,-0.350712,0.614567,1.33956,68.1518,194.331,1.01342
"y[74]",0.5462,0.060961,0.469083,-0.259097,0.60899,1.25219,59.2099,168.834,1.01542
"y[75]",0.556073,0.0493486,0.493486,-0.346071,0.580882,1.24324,100,285.145,0.993471
"y[76]",0.577467,0.0449229,0.449229,-0.210523,0.617138,1.28719,100,285.145,1.02764
"y[77]",0.632633,0.0562843,0.462849,-0.208324,0.674042,1.3182,67.6246,192.828,0.996621
"y[78]",0.619413,0.054896,0.54896,-0.216403,0.627501,1.39853,100,285.145,1.0069
"y[79]",0.562209,0.0452693,0.452693,-0.290313,0.580181,1.30693,100,285.145,1.03431
"y[80]",0.586088,0.0450556,0.450556,-0.169358,0.596611,1.26444,100,285.145,1.05474
"y[81]",0.628323,0.0569743,0.47814,-0.23374,0.604807,1.3947,70.4291,200.825,1.0293
"y[82]",0.532623,0.0482791,0.482791,-0.273143,0.548806,1.2706,100,285.145,1.09902
"y[83]",0.495205,0.0516345,0.516345,-0.480469,0.510546,1.32219,100,285.145,1.03169
"y[84]",0.597768,0.0538304,0.538304,-0.305449,0.555655,1.47697,100,285.145,1.0204
"y[85]",0.539976,0.0519687,0.496306,-0.230285,0.491141,1.3924,91.2041,260.064,1.0205
"y[86]",0.519454,0.0484332,0.484332,-0.451423,0.481465,1.34695,100,285.145,1.00652
"y[87]",0.569092,0.0512838,0.512838,-0.280672,0.50155,1.59192,100,285.145,1.01313
"y[88]",0.538897,0.0463799,0.463799,-0.270302,0.533566,1.27081,100,285.145,1.00003
"y[89]",0.440776,0.0599575,0.526171,-0.408928,0.485788,1.22894,77.0134,219.6,1.00021
"y[90]",0.565355,0.0495508,0.495508,-0.194881,0.591795,1.33085,100,285.145,1.01503
"y[91]",0.568127,0.04598,0.4598,-0.181607,0.590845,1.37122,100,285.145,0.99391
"y[92]",0.596678,0.0455626,0.455626,-0.355535,0.60717,1.20194,100,285.145,0.998911
"y[93]",0.602798,0.0499517,0.449576,-0.214335,0.623329,1.32993,81.004,230.979,0.994164
"y[94]",0.606318,0.0535788,0.515294,-0.342695,0.586398,1.38865,92.4963,263.748,1.02424
"y[95]",0.62158,0.0441133,0.441133,-0.236222,0.730682,1.23482,100,285.145,0.98997
"y[96]",0.709471,0.0569107,0.469728,-0.0593297,0.669884,1.46155,68.1247,194.254,0.994305
"y[97]",0.730348,0.0427217,0.427217,0.0246422,0.725851,1.51129,100,285.145,1.00245
"y[98]",0.68295,0.0539105,0.474294,-0.121646,0.688923,1.44762,77.4015,220.706,0.990017
"y[99]",0.722493,0.0560367,0.528661,-0.316746,0.723643,1.54553,89.0042,253.791,0.991321
"y[100]",0.727054,0.0491615,0.454785,-0.135116,0.726028,1.45546,85.5781,244.021,0.991945
"y[101]",0.747895,0.0455403,0.455403,-0.0139464,0.767721,1.44837,100,285.145,1.01824
"y[102]",0.744165,0.0492024,0.456072,-0.0632365,0.807184,1.63851,85.9201,244.997,1.01681
"y[103]",0.749054,0.0492716,0.452176,0.0297105,0.763278,1.44537,84.2212,240.152,0.998413
"y[104]",0.707697,0.0482685,0.482685,-0.271621,0.757413,1.50734,100,285.145,1.08111
"y[105]",0.657895,0.0504918,0.434095,-0.0885464,0.663765,1.27922,73.914,210.762,1.03209
"y[106]",0.64507,0.0461839,0.420566,-0.0947585,0.670961,1.30707,82.9255,236.458,1.03772
"y[107]",0.630345,0.0472547,0.472547,-0.204341,0.622436,1.44427,100,285.145,1.02746
"y[108]",0.507485,0.0426358,0.387666,-0.260902,0.540461,1.09179,82.6737,235.74,0.995757
"y[109]",0.528292,0.0442319,0.442319,-0.363979,0.585213,1.14945,100,285.145,1.01163
"y[110]",0.486654,0.0422971,0.422971,-0.311563,0.552531,1.10099,100,285.145,1.0096
"y[111]",0.480909,0.0535826,0.478398,-0.243284,0.517644,1.20088,79.7133,227.298,0.997647
"y[112]",0.466984,0.041753,0.41753,-0.283287,0.465208,1.12943,100,285.145,0.996527
"y[113]",0.40957,0.0457927,0.457927,-0.40369,0.351475,1.03677,100,285.145,0.996592
"y[114]",0.417173,0.0533013,0.511047,-0.322967,0.473608,1.09822,91.9279,262.127,0.990657
"y[115]",0.43487,0.05174,0.509539,-0.368882,0.460773,1.28018,96.9844,276.546,0.997771
"y[116]",0.47149,0.0480849,0.480849,-0.43164,0.450201,1.16364,100,285.145,0.997239
"y[117]",0.425275,0.0645175,0.516907,-0.452269,0.425685,1.1771,64.1904,183.036,1.00279
"y[118]",0.461603,0.0607557,0.490616,-0.393441,0.481326,1.23925,65.2091,185.94,0.990589
"y[119]",0.442437,0.0499553,0.499553,-0.433458,0.448237,1.19739,100,285.145,0.98995
"y[120]",0.415542,0.0541132,0.541132,-0.438132,0.462316,1.15046,100,285.145,0.990528
"y[121]",0.501895,0.0572094,0.458572,-0.350808,0.519788,1.10929,64.2511,183.209,0.993964
"y[122]",0.58088,0.0646487,0.531539,-0.145342,0.590308,1.58106,67.6007,192.76,1.00257
"y[123]",0.609843,0.0495849,0.495849,-0.166263,0.652931,1.2819,100,285.145,0.990264
"y[124]",0.554853,0.0451358,0.445817,-0.273452,0.586367,1.25892,97.5601,278.187,0.990285
"y[125]",0.599435,0.0485053,0.428516,-0.170032,0.631288,1.25701,78.0469,222.547,1.0041
"y[126]",0.734441,0.0474405,0.474405,-0.194364,0.768634,1.44858,100,285.145,0.99909
"y[127]",0.733631,0.0516435,0.516435,-0.126556,0.789322,1.52569,100,285.145,1.01638
"y[128]",0.830789,0.0546504,0.546504,-0.191853,0.838499,1.69773,100,285.145,0.989967
"y[129]",0.800236,0.0415703,0.415703,0.062789,0.831769,1.46952,100,285.145,0.994504
"y[130]",0.836471,0.0508866,0.508866,-0.0370628,0.855583,1.66475,100,285.145,1.02425
"y[131]",0.911319,0.0493404,0.493404,0.00453016,0.885243,1.82734,100,285.145,1.01426
"y[132]",0.917258,0.0464195,0.464195,0.26131,0.81821,1.71313,100,285.145,1.02022
"y[133]",1.01079,0.0431184,0.431184,0.470837,0.998291,1.66914,100,285.145,1.00285
"y[134]",0.99247,0.0475681,0.475681,0.0671373,1.00116,1.82017,100,285.145,1.00622
"y[135]",1.00509,0.0491953,0.491953,0.311329,0.968226,1.8894,100,285.145,1.02256
"y[136]",0.986568,0.0487548,0.487548,0.031603,1.00529,1.69942,100,285.145,1.01682
"y[137]",1.03521,0.0402852,0.402852,0.504658,1.04071,1.66489,100,285.145,0.992354
"y[138]",1.00827,0.0473678,0.473678,0.341683,1.036,1.76567,100,285.145,1.02672
"y[139]",1.05372,0.0391283,0.391283,0.438672,1.03402,1.72016,100,285.145,1.00022
"y[140]",1.02749,0.0451748,0.451748,0.272826,1.03418,1.73376,100,285.145,0.992383
"y[141]",0.981983,0.04203,0.4203,0.162338,1.02284,1.54023,100,285.145,0.998995
"y[142]",0.998906,0.0533223,0.533223,-0.0383649,1.00993,1.66927,100,285.145,1.00707
"y[143]",1.0216,0.0535431,0.441872,0.328088,0.986487,1.72398,68.1059,194.2,0.999955
"y[144]",1.03998,0.0411327,0.411327,0.303323,1.00521,1.77153,100,285.145,0.997219
"y[145]",1.02878,0.0441806,0.441806,0.214486,1.03295,1.67761,100,285.145,0.996902
"y[146]",1.122,0.0402524,0.402524,0.445263,1.08261,1.78081,100,285.145,0.995221
"y[147]",1.12907,0.0453211,0.453211,0.381862,1.10321,1.87818,100,285.145,0.992336
"y[148]",1.10787,0.0564667,0.472269,0.372124,1.07016,1.82,69.9511,199.462,0.99845
"y[149]",1.11768,0.0376846,0.376846,0.446686,1.06828,1.76457,100,285.145,0.9981
"y[150]",1.15518,0.0412224,0.412224,0.532439,1.18072,1.81779,100,285.145,0.990958
"y[151]",1.23193,0.0494886,0.494886,0.417646,1.21881,1.91273,100,285.145,0.990494
"y[152]",1.24388,0.039433,0.39433,0.486394,1.24658,1.82037,100,285.145,0.989954
"y[153]",1.23736,0.0370912,0.370912,0.637234,1.22215,1.90772,100,285.145,0.998093
"y[154]",1.26024,0.0440202,0.434577,0.49754,1.26512,1.8589,97.461,277.905,1.004
"y[155]",1.30546,0.0469837,0.469837,0.547365,1.34112,2.17054,100,285.145,0.992041
"y[156]",1.30843,0.0452844,0.452844,0.686519,1.27963,2.12759,100,285.145,1.00303
"y[157]",1.38074,0.039304,0.39304,0.757361,1.34544,2.05325,100,285.145,0.991998
"y[158]",1.33959,0.0448706,0.433125,0.633882,1.36213,1.9051,93.1758,265.686,1.00399
"y[159]",1.43425,0.0492668,0.492668,0.632142,1.4586,2.28977,100,285.145,0.990575
"y[160]",1.39252,0.0473835,0.46517,0.609194,1.39566,2.19117,96.3761,274.811,1.00305
"y[161]",1.40808,0.0448007,0.448007,0.703041,1.3594,2.19615,100,285.145,0.995799
"y[162]",1.37675,0.0498898,0.498898,0.507931,1.41206,2.19984,100,285.145,0.993818
"y[163]",1.37441,0.0423621,0.423621,0.661785,1.37821,2.07973,100,285.145,0.994639
"y[164]",1.43439,0.0433396,0.433396,0.662439,1.4276,2.11039,100,285.145,0.991825
"y[165]",1.41651,0.0431121,0.431121,0.679471,1.39964,2.22576,100,285.145,0.991617
"y[166]",1.46409,0.0505192,0.505192,0.721101,1.44109,2.36192,100,285.145,0.990299
"y[167]",1.39213,0.0446726,0.439095,0.668638,1.38654,2.1263,96.6128,275.486,1.00707
"y[168]",1.44384,0.0494563,0.494563,0.684626,1.43204,2.18474,100,285.145,0.990508
"y[169]",1.41608,0.0424296,0.424296,0.700738,1.39281,1.98908,100,285.145,0.992201
"y[170]",1.49602,0.0519635,0.519635,0.629263,1.48757,2.54625,100,285.145,1.00743
"y[171]",1.47578,0.0524092,0.489225,0.559573,1.51313,2.05292,87.1369,248.466,0.991658
"y[172]",1.3787,0.0472868,0.456985,0.375336,1.42762,1.99563,93.3952,266.311,1.03713
"y[173]",1.50771,0.0478526,0.465567,0.705708,1.4861,2.10837,94.6569,269.909,0.990477
"y[174]",1.46926,0.0511489,0.481475,0.565255,1.48676,2.15538,88.6085,252.662,1.0274
"y[175]",1.41679,0.0535527,0.535527,0.497614,1.39902,2.18404,100,285.145,1.0034
"y[176]",1.4774,0.0535774,0.49707,0.482562,1.52232,2.22901,86.074,245.436,1.0256
"y[177]",1.45128,0.0543295,0.543295,0.473694,1.52083,2.29722,100,285.145,1.02032
"y[178]",1.4765,0.0588337,0.588337,0.397954,1.55854,2.35088,100,285.145,0.99896
"y[179]",1.43525,0.0816478,0.617018,0.2811,1.47251,2.33793,57.1092,162.844,1.00266
"y[180]",1.45838,0.0590565,0.590565,0.310734,1.54665,2.4048,100,285.145,0.992474
"y[181]",1.45758,0.0636218,0.578579,0.41641,1.5455,2.32175,82.7015,235.819,0.992555
"y[182]",1.41171,0.0647771,0.647771,0.296028,1.50576,2.25447,100,285.145,1.00333
"y[183]",1.50531,0.0608304,0.576479,0.617083,1.51932,2.43828,89.8103,256.089,0.995379
"y[184]",1.40275,0.0680914,0.640696,0.284224,1.51532,2.27718,88.5361,252.456,1.01244
"y[185]",1.44944,0.060153,0.60153,0.359598,1.44193,2.38232,100,285.145,0.991326
"y[186]",1.46544,0.072476,0.72476,0.266666,1.50841,2.5008,100,285.145,0.990274
"y[187]",1.41886,0.0664691,0.664691,0.24387,1.4407,2.39996,100,285.145,0.997562
"y[188]",1.54744,0.0713011,0.713011,0.367462,1.60623,2.70154,100,285.145,0.991828
"y[189]",1.44933,0.0730817,0.730817,0.19728,1.4949,2.49322,100,285.145,1.02823
"y[190]",1.50378,0.0766512,0.705445,0.131923,1.54634,2.42112,84.701,241.521,1.00597
"y[191]",1.53041,0.071151,0.71151,0.25792,1.58746,2.65449,100,285.145,0.98995
"y[192]",1.46957,0.0772869,0.757663,0.208132,1.49335,2.74305,96.1037,274.035,0.994529
"y[193]",1.50876,0.0755995,0.755995,0.102237,1.56799,2.5869,100,285.145,0.993138
"y[194]",1.5748,0.0859623,0.785893,0.214938,1.65101,2.95073,83.5815,238.328,1.00175
"y[195]",1.54435,0.0738371,0.738371,0.218728,1.59343,2.68633,100,285.145,1.00747
"y[196]",1.59301,0.0827221,0.827221,0.0265574,1.7162,2.73744,100,285.145,0.992069
"y[197]",1.65235,0.0782478,0.782478,0.240837,1.74241,2.7333,100,285.145,0.99239
"y[198]",1.58569,0.0796036,0.796036,0.189095,1.64727,2.90165,100,285.145,0.999436
"y[199]",1.5922,0.0882783,0.811462,0.146218,1.62934,2.78013,84.4946,240.932,1.01036
"y[200]",1.67696,0.0824703,0.824703,0.403477,1.73545,2.93038,100,285.145,1.01278
"y[201]",1.63551,0.0797054,0.788906,-0.00937037,1.72494,2.79921,97.966,279.345,1.01385
"y[202]",1.58657,0.0835525,0.835525,0.0374325,1.7096,2.68751,100,285.145,0.994388
"y[203]",1.63633,0.0840041,0.811214,0.0457284,1.80544,2.71049,93.2546,265.911,1.00952
"y[204]",1.68057,0.0825983,0.825983,0.205875,1.70544,2.88456,100,285.145,1.00413
"y[205]",1.68358,0.0894694,0.820693,0.200663,1.75031,2.82482,84.1419,239.926,1.00984
"y[206]",1.63959,0.0809068,0.809068,0.201321,1.67081,2.75905,100,285.145,0.999742
"y[207]",1.68127,0.0778014,0.750496,0.26881,1.77471,2.89586,93.0513,265.331,0.990255
"y[208]",1.691,0.0824528,0.824528,0.0604994,1.77135,2.7757,100,285.145,0.991889
"y[209]",1.72046,0.0816971,0.816971,0.180593,1.80437,2.9684,100,285.145,0.993519
"y[210]",1.71149,0.0890774,0.824318,-0.0316494,1.73317,2.81409,85.6357,244.186,1.00707
"y[211]",1.78474,0.0914206,0.890586,0.0541173,1.7678,3.13632,94.8994,270.601,0.990552
"z_rep[1]",0.95,0.11404,1.1404,0,1,3,100,285.145,0.993724
"z_rep[2]",0.99,0.115902,1.15902,0,1,3,100,285.145,1.00261
"z_rep[3]",0.93,0.109857,1.06605,0,1,3,94.1666,268.511,0.990742
"z_rep[4]",0.85,0.10384,1.0384,0,1,3,100,285.145,0.992271
"z_rep[5]",1.29,0.125766,1.25766,0,1,3,100,285.145,0.990013
"z_rep[6]",1.13,0.131545,1.31545,0,1,4,100,285.145,0.990007
"z_rep[7]",1.05,0.104809,1.04809,0,1,3,100,285.145,0.99442
"z_rep[8]",1.57,0.150591,1.50591,0,1,5,100,285.145,0.993528
"z_rep[9]",1.48,0.147354,1.47354,0,1,4,100,285.145,0.991609
"z_rep[10]",1.63,0.167365,1.67365,0,1,4,100,285.145,0.990271
"z_rep[11]",2.04,0.204949,2.04949,0,2,6,100,285.145,0.993384
"z_rep[12]",2.4,0.212251,2.12251,0,2,6,100,285.145,0.990305
"z_rep[13]",2,0.196946,1.96946,0,2,6,100,285.145,0.993669
"z_rep[14]",2.12,0.210129,1.82175,0,2,6,75.1637,214.326,0.99007
"z_rep[15]",1.66,0.147175,1.47175,0,1,4,100,285.145,0.991613
"z_rep[16]",1.96,0.15886,1.5886,0,2,4,100,285.145,1.00287
"z_rep[17]",2,0.178322,1.67573,0,2,5,88.3078,251.805,0.999108
"z_rep[18]",2.28,0.225218,2.25218,0,2,7,100,285.145,1.05864
"z_rep[19]",1.86,0.206382,1.5441,0,2,5,55.9767,159.615,1.00687
"z_rep[20]",1.67,0.176415,1.76415,0,1,4,100,285.145,0.990753
"z_rep[21]",1.65,0.169595,1.69595,0,1,5,100,285.145,0.991654
"z_rep[22]",1.43,0.140169,1.40169,0,1,4,100,285.145,1.00147
"z_rep[23]",1.76,0.184936,1.65218,0,1,5,79.8123,227.581,0.999372
"z_rep[24]",2.2,0.203525,1.83677,0,2,6,81.4472,232.242,0.994227
"z_rep[25]",2.66,0.239287,1.95515,0,2,6,66.7613,190.366,1.00513
"z_rep[26]",3.48,0.303342,3.03342,0,3,8,100,285.145,0.991037
"z_rep[27]",2.9,0.232466,2.32466,0,2,8,100,285.145,0.990024
"z_rep[28]",3.8,0.3114,3.114,0,3,10,100,285.145,1.00831
"z_rep[29]",2.81,0.236,2.36,0,2,7,100,285.145,0.989967
"z_rep[30]",3.31,0.22949,2.2949,0,3,8,100,285.145,0.998358
"z_rep[31]",4.77,0.326554,3.26554,1,4,10,100,285.145,0.995828
"z_rep[32]",4.6,0.314578,3.05836,1,4,11,94.519,269.516,0.990634
"z_rep[33]",4.25,0.372376,3.55725,1,4,9,91.2571,260.215,0.991729
"z_rep[34]",4.3,0.331662,3.31662,0,4,11,100,285.145,0.990277
"z_rep[35]",4.29,0.344615,3.1279,1,4,10,82.3826,234.91,0.993646
"z_rep[36]",1.29,0.241751,2.41751,0,1,6,100,285.145,1.00653
"z_rep[37]",0.94,0.142658,1.2935,0,1,3,82.2123,234.424,0.989949
"z_rep[38]",0.9,0.131426,1.31426,0,1,3,100,285.145,0.990876
"z_rep[39]",1.23,0.139157,1.39157,0,1,4,100,285.145,0.998715
"z_rep[40]",1.04,0.141602,1.28645,0,1,4,82.5363,235.348,1.01964
"z_rep[41]",1.3,0.1439,1.439,0,1,3,100,285.145,0.99479
"z_rep[42]",1.14,0.147038,1.47038,0,1,4,100,285.145,1.0269
"z_rep[43]",1.15,0.118386,1.18386,0,1,3,100,285.145,0.991735
"z_rep[44]",0.99,0.138442,1.23497,0,1,3,79.5754,226.905,0.997915
"z_rep[45]",1.21,0.113969,1.13969,0,1,3,100,285.145,1.0245
"z_rep[46]",0.84,0.108286,1.06097,0,1,3,95.9974,273.732,0.993153
"z_rep[47]",1.01,0.113258,1.13258,0,1,3,100,285.145,0.996284
"z_rep[48]",1.26,0.217189,1.54802,0,1,4,50.8014,144.858,0.994131
"z_rep[49]",1.23,0.15096,1.48973,0,1,4,97.3853,277.689,0.991077
"z_rep[50]",1.04,0.106287,1.06287,0,1,3,100,285.145,0.993141
"z_rep[51]",1.13,0.125251,1.25251,0,1,3,100,285.145,0.990523
"z_rep[52]",1.31,0.150215,1.50215,0,1,3,100,285.145,0.989994
"z_rep[53]",1.15,0.136608,1.36608,0,1,3,100,285.145,0.990003
"z_rep[54]",1.23,0.141318,1.41318,0,1,4,100,285.145,1.00819
"z_rep[55]",1.32,0.187284,1.46942,0,1,4,61.5587,175.531,0.990135
"z_rep[56]",1.25,0.14212,1.38078,0,1,4,94.3929,269.156,0.994207
"z_rep[57]",1.24,0.141507,1.41507,0,1,4,100,285.145,1.00282
"z_rep[58]",1.4,0.169839,1.42843,0,1,4,70.7365,201.701,1.00975
"z_rep[59]",1.37,0.136814,1.36814,0,1,4,100,285.145,0.999019
"z_rep[60]",1.32,0.145561,1.45561,0,1,4,100,285.145,0.992975
"z_rep[61]",1.2,0.133333,1.33333,0,1,4,100,285.145,0.989949
"z_rep[62]",1.5,0.157313,1.57313,0,1,4,100,285.145,1.00313
"z_rep[63]",1.5,0.148732,1.48732,0,1,4,100,285.145,0.99648
"z_rep[64]",1.47,0.162341,1.62341,0,1,5,100,285.145,0.989987
"z_rep[65]",1.54,0.157262,1.57262,0,1,4,100,285.145,0.994001
"z_rep[66]",1.56,0.145866,1.45866,0,1,4,100,285.145,0.99674
"z_rep[67]",1.72,0.168822,1.68822,0,1,4,100,285.145,1.00138
"z_rep[68]",1.48,0.169007,1.573,0,1,5,86.6262,247.01,0.991405
"z_rep[69]",1.58,0.184325,1.84325,0,1,4,100,285.145,0.995735
"z_rep[70]",1.79,0.181071,1.81071,0,1,5,100,285.145,0.990712
"z_rep[71]",1.6,0.154397,1.54397,0,1,5,100,285.145,1.00075
"z_rep[72]",1.92,0.173892,1.73892,0,2,5,100,285.145,0.992068
"z_rep[73]",1.9,0.198888,1.73787,0,2,5,76.3519,217.714,1.02445
"z_rep[74]",1.45,0.170886,1.57874,0,1,4,85.3512,243.375,0.991917
"z_rep[75]",1.83,0.165153,1.60211,0,1,5,94.1046,268.334,0.990924
"z_rep[76]",1.96,0.177859,1.59494,0,2,5,80.4155,229.301,0.990107
"z_rep[77]",1.8,0.169661,1.62057,0,1,4,91.2378,260.16,1.00855
"z_rep[78]",2.04,0.201469,2.01469,0,2,5,100,285.145,1.05358
"z_rep[79]",1.96,0.181358,1.74031,0,2,6,92.0834,262.571,0.991139
"z_rep[80]",1.92,0.169181,1.69181,0,2,5,100,285.145,0.996821
"z_rep[81]",2.09,0.242625,2.16069,0,2,5,79.3072,226.14,1.00343
"z_rep[82]",1.71,0.147227,1.47227,0,1,4,100,285.145,1.00675
"z_rep[83]",1.89,0.183069,1.83069,0,1,5,100,285.145,1.08472
"z_rep[84]",2.1,0.260989,2.32031,0,2,7,79.0399,225.378,1.04151
"z_rep[85]",2.2,0.184774,1.84774,0,2,5,100,285.145,0.994176
"z_rep[86]",1.94,0.198218,1.83027,0,1,5,85.2603,243.115,0.990427
"z_rep[87]",2.07,0.198609,1.98609,0,2,6,100,285.145,0.990583
"z_rep[88]",1.61,0.139003,1.28625,0,1,4,85.6262,244.159,0.99001
"z_rep[89]",1.74,0.173857,1.73857,0,1,5,100,285.145,0.992069
"z_rep[90]",2.05,0.244741,2.2535,0,1,7,84.7819,241.751,0.997084
"z_rep[91]",2.06,0.175131,1.75131,0,2,5,100,285.145,0.998331
"z_rep[92]",2.01,0.210533,1.65447,0,2,5,61.7557,176.093,0.990863
"z_rep[93]",1.84,0.164614,1.53557,0,2,5,87.0174,248.126,0.996075
"z_rep[94]",2.06,0.277953,2.15941,0,2,6,60.3566,172.104,1.03237
"z_rep[95]",2.09,0.188613,1.88613,0,2,6,100,285.145,0.996294
"z_rep[96]",2.49,0.31005,2.91112,0,2,6,88.1573,251.376,1.00624
"z_rep[97]",2.3,0.193868,1.89364,0,2,6,95.4068,272.048,0.993973
"z_rep[98]",2.2,0.228743,2.28743,0,2,6,100,285.145,1.01229
"z_rep[99]",2.31,0.237375,2.25494,0,2,6,90.24,257.315,0.992332
"z_rep[100]",2.08,0.200343,2.00343,0,2,6,100,285.145,1.00694
"z_rep[101]",2.43,0.215676,2.15676,0,2,6,100,285.145,1.04298
"z_rep[102]",2.29,0.210447,1.97098,0,2,5,87.7161,250.118,0.989975
"z_rep[103]",2.22,0.191964,1.89406,0,2,6,97.353,277.597,0.990953
"z_rep[104]",2.3,0.186508,1.74946,0,2,5,87.9858,250.887,1.02399
"z_rep[105]",2.03,0.17948,1.7948,0,2,5,100,285.145,1.01284
"z_rep[106]",2,0.217887,2.17887,0,1,5,100,285.145,1.00216
"z_rep[107]",2.22,0.202799,2.02799,0,2,6,100,285.145,1.01208
"z_rep[108]",1.71,0.148593,1.48593,0,2,4,100,285.145,1.00019
"z_rep[109]",1.85,0.179168,1.59782,0,1,5,79.531,226.779,1.01474
"z_rep[110]",1.59,0.152351,1.38604,0,1,4,82.7675,236.007,0.991252
"z_rep[111]",1.65,0.257333,2.13851,0,1,5,69.0612,196.924,0.991722
"z_rep[112]",1.85,0.177169,1.77169,0,1,5,100,285.145,0.989981
"z_rep[113]",1.68,0.18301,1.72258,0,1,5,88.5945,252.623,1.013
"z_rep[114]",1.84,0.197667,1.86796,0,1,6,89.304,254.646,0.991785
"z_rep[115]",1.8,0.208675,1.76955,0,1,5,71.9091,205.045,0.9911
"z_rep[116]",1.78,0.181703,1.63658,0,2,5,81.1238,231.32,0.99369
"z_rep[117]",1.75,0.204186,2.04186,0,1,5,100,285.145,1.04443
"z_rep[118]",1.75,0.190361,1.90361,0,1,6,100,285.145,0.999962
"z_rep[119]",1.65,0.169595,1.69595,0,1,4,100,285.145,1.0054
"z_rep[120]",1.73,0.215019,2.15019,0,1,6,100,285.145,0.993611
"z_rep[121]",1.81,0.194206,1.94206,0,1,5,100,285.145,0.990188
"z_rep[122]",2.19,0.212582,2.12582,0,2,6,100,285.145,0.990149
"z_rep[123]",2.05,0.157447,1.56589,0,2,5,98.9134,282.046,1.02014
"z_rep[124]",2.03,0.181358,1.66032,0,2,5,83.8132,238.989,0.991729
"z_rep[125]",2.19,0.214944,2.14944,0,2,7,100,285.145,0.990144
"z_rep[126]",2.41,0.242502,2.42502,0,2,6,100,285.145,1.00242
"z_rep[127]",2.5,0.276887,2.76887,0,2,7,100,285.145,0.993294
"z_rep[128]",2.78,0.297973,2.89751,0,2,7,94.5576,269.626,0.991141
"z_rep[129]",2.38,0.222828,2.22828,0,2,7,100,285.145,0.989949
"z_rep[130]",2.48,0.237159,2.18109,0,2,8,84.5805,241.177,0.992054
"z_rep[131]",2.97,0.245137,2.45137,0,2,7,100,285.145,0.997315
"z_rep[132]",2.84,0.284261,2.69575,0,3,7,89.9339,256.442,1.00414
"z_rep[133]",2.87,0.245219,2.45219,0,2,8,100,285.145,0.991964
"z_rep[134]",2.8,0.246183,2.46183,0,2,7,100,285.145,1.03209
"z_rep[135]",2.88,0.250769,2.50769,0,2,7,100,285.145,0.996331
"z_rep[136]",3.13,0.302754,2.93242,0,3,7,93.8154,267.51,0.99612
"z_rep[137]",2.78,0.223191,2.23191,0,2,7,100,285.145,1.00818
"z_rep[138]",3.13,0.315478,3.15478,0,2,7,100,285.145,1.03613
"z_rep[139]",2.87,0.249717,2.42735,0,3,7,94.486,269.422,1.00433
"z_rep[140]",2.93,0.218132,2.09499,0,3,6,92.2418,263.023,0.993807
"z_rep[141]",2.95,0.22128,2.2128,0,3,7,100,285.145,0.99046
"z_rep[142]",3.46,0.319539,3.19539,0,3,7,100,285.145,1.00134
"z_rep[143]",3.57,0.297725,2.75335,0,3,8,85.5244,243.868,0.996952
"z_rep[144]",2.82,0.212432,2.12432,0,2,7,100,285.145,0.993145
"z_rep[145]",2.73,0.258896,2.46534,0,2,7,90.6779,258.563,0.990098
"z_rep[146]",3.13,0.246452,2.46452,0,3,8,100,285.145,0.995911
"z_rep[147]",3.34,0.282921,2.82921,0,3,8,100,285.145,0.99175
"z_rep[148]",3.09,0.234884,2.34884,0,3,8,100,285.145,1.00531
"z_rep[149]",3.67,0.320359,2.5822,1,3,8,64.9693,185.257,0.990084
"z_rep[150]",3.52,0.216716,2.16716,1,3,7,100,285.145,1.00678
"z_rep[151]",3.97,0.429641,4.00367,0,3,9,86.8371,247.612,1.00049
"z_rep[152]",3.39,0.280294,2.80294,0,3,8,100,285.145,0.993635
"z_rep[153]",3.61,0.240326,2.40326,0,3,8,100,285.145,0.992047
"z_rep[154]",4.08,0.350461,3.36554,0,4,11,92.2212,262.964,0.990267
"z_rep[155]",3.86,0.290252,2.90252,0,3,10,100,285.145,0.990377
"z_rep[156]",4.33,0.342615,3.42615,0,3,12,100,285.145,0.993029
"z_rep[157]",4.17,0.280352,2.80352,0,4,9,100,285.145,0.999268
"z_rep[158]",4.41,0.387517,3.79552,0,3,11,95.9315,273.544,0.99029
"z_rep[159]",4.88,0.357115,3.57115,1,4,11,100,285.145,0.990075
"z_rep[160]",4.59,0.363511,3.63511,1,4,11,100,285.145,0.992685
"z_rep[161]",4.4,0.407524,3.29064,1,4,9,65.2008,185.917,1.01935
"z_rep[162]",4.77,0.368961,3.68961,0,4,11,100,285.145,0.990545
"z_rep[163]",4.39,0.360386,3.60386,0,4,9,100,285.145,0.990882
"z_rep[164]",4.75,0.458592,3.66632,1,4,11,63.9157,182.252,0.996226
"z_rep[165]",4.15,0.344766,3.44766,1,3,9,100,285.145,1.00153
"z_rep[166]",5.45,0.657263,6.57263,0,4,12,100,285.145,0.996976
"z_rep[167]",4.15,0.283762,2.64145,1,4,9,86.652,247.084,0.991111
"z_rep[168]",4.6,0.40477,4.0477,0,4,10,100,285.145,0.996219
"z_rep[169]",4.44,0.467071,3.42987,1,4,9,53.925,153.764,1.00364
"z_rep[170]",5.52,0.640617,5.7498,0,5,16,80.5581,229.707,1.07494
"z_rep[171]",4.83,0.514056,5.14056,1,4,9,100,285.145,0.998344
"z_rep[172]",4.59,0.379033,3.58475,1,4,10,89.4465,255.052,0.994825
"z_rep[173]",4.88,0.400071,4.00071,0,4,12,100,285.145,0.99155
"z_rep[174]",5.4,0.405534,3.63485,1,5,13,80.3375,229.078,0.992982
"z_rep[175]",4.46,0.337076,3.37076,1,4,10,100,285.145,0.99009
"z_rep[176]",4.8,0.338401,3.19722,0,4,10,89.265,254.534,1.00271
"z_rep[177]",5.06,0.410077,3.84503,1,4,11,87.9162,250.689,1.0163
"z_rep[178]",4.83,0.362108,3.62108,0,4,12,100,285.145,0.990018
"z_rep[179]",5.09,0.600395,4.35564,0,4,13,52.6296,150.071,0.990587
"z_rep[180]",4.99,0.47859,4.22473,0,4,13,77.9242,222.197,1.00036
"z_rep[181]",4.89,0.453045,4.2519,0,4,14,88.0814,251.16,0.991195
"z_rep[182]",5.17,0.504135,5.04135,0,4,12,100,285.145,1.00671
"z_rep[183]",4.75,0.411299,4.11299,0,4,14,100,285.145,0.990239
"z_rep[184]",4.96,0.414124,4.14124,1,4,11,100,285.145,0.989973
"z_rep[185]",4.76,0.365277,3.44691,0,4,11,89.0466,253.912,1.00953
"z_rep[186]",5.72,0.56677,5.6677,0,4,15,100,285.145,0.993142
"z_rep[187]",4.58,0.414919,4.14919,0,4,11,100,285.145,0.990321
"z_rep[188]",6.08,0.595758,5.90784,0,4,19,98.3373,280.404,0.989949
"z_rep[189]",5.43,0.459524,4.59524,0,5,14,100,285.145,1.02313
"z_rep[190]",5.59,0.491965,4.83693,0,4,14,96.6654,275.636,0.994615
"z_rep[191]",5.94,0.56243,5.6243,0,5,17,100,285.145,0.989949
"z_rep[192]",5.05,0.500984,5.00984,0,4,13,100,285.145,0.991102
"z_rep[193]",5.62,0.482791,4.82791,1,4,14,100,285.145,0.999069
"z_rep[194]",6.74,0.75198,7.11751,0,5,18,89.5867,255.452,1.01688
"z_rep[195]",5.98,0.593343,5.43646,0,5,17,83.9502,239.38,1.00667
"z_rep[196]",6.82,0.622536,6.22536,0,5,18,100,285.145,1.00057
"z_rep[197]",6.76,0.553432,5.53432,1,6,17,100,285.145,0.989963
"z_rep[198]",6.43,0.738382,7.05284,0,4,18,91.2358,260.154,0.996972
"z_rep[199]",6.58,0.576506,5.76506,0,5,18,100,285.145,1.0048
"z_rep[200]",8.24,1.06942,10.6942,0,6,22,100,285.145,0.995283
"z_rep[201]",6.12,0.64012,6.4012,0,4,19,100,285.145,0.993862
"z_rep[202]",6.76,0.650388,6.21357,0,5,20,91.272,260.257,0.991982
"z_rep[203]",6.19,0.576692,5.26604,0,5,18,83.3836,237.764,0.995449
"z_rep[204]",7.52,0.714281,7.14281,0,5,20,100,285.145,0.991958
"z_rep[205]",7.54,0.756977,7.56977,0,6,18,100,285.145,0.993334
"z_rep[206]",7,0.736769,7.36769,0,4,24,100,285.145,0.989979
"z_rep[207]",6.78,0.579895,5.79895,0,5,19,100,285.145,0.990378
"z_rep[208]",7.05,0.604591,6.04591,0,5,17,100,285.145,0.993702
"z_rep[209]",6.71,0.647496,6.47496,0,5,20,100,285.145,0.99255
"z_rep[210]",7.21,0.790991,7.83839,0,6,18,98.1997,280.011,0.991945
"z_rep[211]",8.86,1.31014,12.7295,1,6,22,94.4041,269.188,0.993154
# Inference for Stan model: gp_model_final_model
# 1 chains: each with iter=(100); warmup=(1000); thin=(1); 1100 iterations saved.
#
# Warmup took (7.4) seconds, 7.4 seconds total
# Sampling took (0.35) seconds, 0.35 seconds total
#
# Samples were drawn using hmc with nuts.
# For each parameter, N_Eff is a crude measure of effective sample size,
# and R_hat is the potential scale reduction factor on split chains (at 
# convergence, R_hat=1).
