name,Mean,MCSE,StdDev,5%,50%,95%,N_Eff,N_Eff/s,R_hat
"lp__",84.4113,0.409669,2.21609,79.4418,85.0657,86.735,29.2622,91.1573,1.01044
"accept_stat__",0.947482,0.00857012,0.0848064,0.802384,0.980967,1,97.9227,305.048,0.991135
"stepsize__",0.225249,1.56612e-16,1.11582e-16,0.225249,0.225249,0.225249,0.507614,1.58131,0.989949
"treedepth__",3.89,0.0548552,0.548552,3,4,5,100,311.519,0.990282
"n_leapfrog__",18.28,1.14692,8.49727,7,15,31,54.8898,170.992,1.00504
"divergent__",0,0,0,0,0,0,100,311.519,-nan
"energy__",-81.6199,0.562591,2.95482,-85.398,-82.4037,-75.206,27.5852,85.933,1.00014
"CL",10.7765,0.0162113,0.162113,10.546,10.7814,11.0364,100,311.519,0.989993
"Q",12.8144,0.085414,0.779145,11.4873,12.8668,13.973,83.2106,259.217,0.99396
"V1",19.707,0.267396,2.02926,16.0386,19.8298,22.7256,57.5927,179.412,0.997978
"V2",72.5573,0.431061,4.31061,65.8494,71.9259,79.8047,100,311.519,1.01668
"ka",2.59292,0.0461165,0.338926,2.01858,2.56411,3.09931,54.0128,168.26,1.00313
"sigma",0.107497,0.00125525,0.0125525,0.0863441,0.108102,0.124989,100,311.519,0.998716
"cHat[1]",0,0,0,0,0,0,100,311.519,-nan
"cHat[2]",46.5604,0.217938,2.17938,42.9991,46.5744,49.945,100,311.519,0.998713
"cHat[3]",80.0124,0.326264,3.26264,74.969,80.1185,84.847,100,311.519,0.997515
"cHat[4]",102.664,0.368478,3.68478,96.3356,102.838,107.744,100,311.519,0.995992
"cHat[5]",130.383,0.362267,3.62267,124.309,130.624,135.502,100,311.519,0.991086
"cHat[6]",126.227,0.379944,3.44573,120.401,126.37,131.864,82.2475,256.216,0.990054
"cHat[7]",110.556,0.387321,3.24374,105.014,110.705,115.883,70.1377,218.492,0.990854
"cHat[8]",75.9798,0.276807,2.45369,71.5601,76.1561,79.5369,78.575,244.776,0.990185
"cHat[9]",50.9796,0.179522,1.78209,47.7801,51.1732,53.2185,98.5422,306.977,0.99139
"cHat[10]",26.9478,0.110948,1.09166,25.1583,26.9525,28.6972,96.8127,301.59,1.00617
"cHat[11]",18.9178,0.0812281,0.812281,17.5669,19,20.1506,100,311.519,1.00816
"cHat[12]",14.1963,0.075965,0.75965,12.9202,14.1494,15.4467,100,311.519,0.99493
"cHat[13]",12.0543,0.0609954,0.609954,11.051,12.0247,12.9379,100,311.519,0.992365
"cHat[14]",8.92792,0.0325098,0.325098,8.42048,8.93399,9.43606,100,311.519,0.990203
"cHat[15]",55.4332,0.218002,2.18002,52.1688,55.3561,58.7098,100,311.519,0.999129
"cHat[16]",88.8297,0.326543,3.26543,83.5051,88.7482,93.5594,100,311.519,0.997741
"cHat[17]",111.427,0.369644,3.69644,105.113,111.587,116.405,100,311.519,0.996129
"cHat[18]",138.984,0.366306,3.66306,132.637,139.103,144.339,100,311.519,0.991116
"cHat[19]",134.669,0.385889,3.49291,128.703,134.763,140.267,81.9317,255.232,0.99004
"cHat[20]",118.842,0.393002,3.27907,113.222,118.994,124.245,69.6163,216.868,0.990818
"cHat[21]",83.9624,0.27928,2.45277,79.9468,83.9775,87.5825,77.1321,240.281,0.990197
"cHat[22]",58.6699,0.177266,1.76003,55.5317,58.8522,61.0174,98.5798,307.094,0.991313
"cHat[23]",34.0855,0.111372,1.11372,32.233,34.1433,35.7755,100,311.519,1.00425
"cHat[24]",25.5427,0.0894139,0.894139,24.0779,25.5302,27.036,100,311.519,1.00271
"cHat[25]",19.9039,0.0822481,0.822481,18.5911,19.8642,21.1824,100,311.519,0.992441
"cHat[26]",16.9721,0.0637805,0.637805,16.0044,16.9816,17.95,100,311.519,0.990475
"cHat[27]",12.5796,0.0334778,0.334778,12.021,12.5958,13.146,100,311.519,0.991451
"cHat[28]",12.5796,0.0334778,0.334778,12.021,12.5958,13.146,100,311.519,0.991451
"cHat[29]",14.0777,0.0337535,0.337535,13.5208,14.0616,14.6164,100,311.519,0.997238
"cHat[30]",14.0777,0.0337535,0.337535,13.5208,14.0616,14.6164,100,311.519,0.997238
"cHat[31]",14.6941,0.0355992,0.355992,14.0956,14.6923,15.2126,100,311.519,1.00187
"cHat[32]",14.6941,0.0355992,0.355992,14.0956,14.6923,15.2126,100,311.519,1.00187
"cHat[33]",14.9484,0.0372694,0.372694,14.32,14.9679,15.5299,100,311.519,1.0042
"cHat[34]",14.9484,0.0372694,0.372694,14.32,14.9679,15.5299,100,311.519,1.0042
"cHat[35]",15.0537,0.0383107,0.383107,14.4129,15.079,15.5986,100,311.519,1.00528
"cHat[36]",15.0537,0.0383107,0.383107,14.4129,15.079,15.5986,100,311.519,1.00528
"cHat[37]",15.0974,0.0388714,0.388714,14.4452,15.1168,15.6454,100,311.519,1.0058
"cHat[38]",15.0974,0.0388714,0.388714,14.4452,15.1168,15.6454,100,311.519,1.0058
"cHat[39]",15.1156,0.0391524,0.391524,14.4554,15.1488,15.6684,100,311.519,1.00604
"cHat[40]",15.1156,0.0391524,0.391524,14.4554,15.1488,15.6684,100,311.519,1.00604
"cHat[41]",15.1231,0.0392872,0.392872,14.4616,15.1673,15.6782,100,311.519,1.00615
"cHat[42]",15.1231,0.0392872,0.392872,14.4616,15.1673,15.6782,100,311.519,1.00615
"cHat[43]",15.1263,0.0393511,0.393511,14.4642,15.1719,15.6824,100,311.519,1.00622
"cHat[44]",15.1263,0.0393511,0.393511,14.4642,15.1719,15.6824,100,311.519,1.00622
"cHat[45]",15.1277,0.0393801,0.393801,14.4653,15.1729,15.6841,100,311.519,1.00624
"cHat[46]",15.1277,0.0393801,0.393801,14.4653,15.1729,15.6841,100,311.519,1.00624
"cHat[47]",15.1282,0.0393941,0.393941,14.4657,15.1733,15.6849,100,311.519,1.00625
"cHat[48]",15.1282,0.0393941,0.393941,14.4657,15.1733,15.6849,100,311.519,1.00625
"cHat[49]",15.1285,0.0394002,0.394002,14.4659,15.1735,15.6852,100,311.519,1.00626
"cHat[50]",15.1285,0.0394002,0.394002,14.4659,15.1735,15.6852,100,311.519,1.00626
"cHat[51]",15.1286,0.0394032,0.394032,14.4659,15.1736,15.6854,100,311.519,1.00626
"cHat[52]",15.1286,0.0394032,0.394032,14.4659,15.1736,15.6854,100,311.519,1.00626
"cHat[53]",61.5958,0.218215,2.18215,58.0145,61.4788,64.8046,100,311.519,0.994889
"cHat[54]",94.954,0.325175,3.25175,89.5318,95.0181,99.8655,100,311.519,0.995078
"cHat[55]",117.514,0.366909,3.66909,111.465,117.879,122.826,100,311.519,0.994062
"cHat[56]",144.959,0.360257,3.60257,139.025,144.852,150.374,100,311.519,0.990331
"cHat[57]",140.534,0.375531,3.42782,134.549,140.58,146.129,83.3188,259.554,0.990603
"cHat[58]",124.599,0.381401,3.23025,119.214,124.758,129.692,71.7313,223.456,0.992126
"cHat[59]",89.51,0.268324,2.45103,85.6525,89.5463,92.9999,83.4404,259.933,0.991358
"cHat[60]",64.0156,0.179041,1.79041,60.4241,64.1068,66.1901,100,311.519,0.989996
"cHat[61]",39.0492,0.10843,1.0843,37.4897,39.0062,40.5624,100,311.519,0.995609
"cHat[62]",30.1517,0.0735851,0.735851,28.9749,30.1402,31.4429,100,311.519,0.994752
"cHat[63]",23.878,0.062703,0.62703,22.8651,23.878,25.0604,100,311.519,0.99003
"cHat[64]",20.3991,0.0503985,0.503985,19.5849,20.4178,21.231,100,311.519,0.99323
"cHat[65]",15.1286,0.0394041,0.394041,14.466,15.1736,15.6854,100,311.519,1.00626
"cHat[66]",9.68182,0.0432762,0.432762,8.92251,9.67242,10.3848,100,311.519,1.00883
"cHatObs[1]",46.5604,0.217938,2.17938,42.9991,46.5744,49.945,100,311.519,0.998713
"cHatObs[2]",80.0124,0.326264,3.26264,74.969,80.1185,84.847,100,311.519,0.997515
"cHatObs[3]",102.664,0.368478,3.68478,96.3356,102.838,107.744,100,311.519,0.995992
"cHatObs[4]",130.383,0.362267,3.62267,124.309,130.624,135.502,100,311.519,0.991086
"cHatObs[5]",126.227,0.379944,3.44573,120.401,126.37,131.864,82.2475,256.216,0.990054
"cHatObs[6]",110.556,0.387321,3.24374,105.014,110.705,115.883,70.1377,218.492,0.990854
"cHatObs[7]",75.9798,0.276807,2.45369,71.5601,76.1561,79.5369,78.575,244.776,0.990185
"cHatObs[8]",50.9796,0.179522,1.78209,47.7801,51.1732,53.2185,98.5422,306.977,0.99139
"cHatObs[9]",26.9478,0.110948,1.09166,25.1583,26.9525,28.6972,96.8127,301.59,1.00617
"cHatObs[10]",18.9178,0.0812281,0.812281,17.5669,19,20.1506,100,311.519,1.00816
"cHatObs[11]",14.1963,0.075965,0.75965,12.9202,14.1494,15.4467,100,311.519,0.99493
"cHatObs[12]",12.0543,0.0609954,0.609954,11.051,12.0247,12.9379,100,311.519,0.992365
"cHatObs[13]",55.4332,0.218002,2.18002,52.1688,55.3561,58.7098,100,311.519,0.999129
"cHatObs[14]",88.8297,0.326543,3.26543,83.5051,88.7482,93.5594,100,311.519,0.997741
"cHatObs[15]",111.427,0.369644,3.69644,105.113,111.587,116.405,100,311.519,0.996129
"cHatObs[16]",138.984,0.366306,3.66306,132.637,139.103,144.339,100,311.519,0.991116
"cHatObs[17]",134.669,0.385889,3.49291,128.703,134.763,140.267,81.9317,255.232,0.99004
"cHatObs[18]",118.842,0.393002,3.27907,113.222,118.994,124.245,69.6163,216.868,0.990818
"cHatObs[19]",83.9624,0.27928,2.45277,79.9468,83.9775,87.5825,77.1321,240.281,0.990197
"cHatObs[20]",58.6699,0.177266,1.76003,55.5317,58.8522,61.0174,98.5798,307.094,0.991313
"cHatObs[21]",34.0855,0.111372,1.11372,32.233,34.1433,35.7755,100,311.519,1.00425
"cHatObs[22]",25.5427,0.0894139,0.894139,24.0779,25.5302,27.036,100,311.519,1.00271
"cHatObs[23]",19.9039,0.0822481,0.822481,18.5911,19.8642,21.1824,100,311.519,0.992441
"cHatObs[24]",16.9721,0.0637805,0.637805,16.0044,16.9816,17.95,100,311.519,0.990475
"cHatObs[25]",12.5796,0.0334778,0.334778,12.021,12.5958,13.146,100,311.519,0.991451
"cHatObs[26]",14.0777,0.0337535,0.337535,13.5208,14.0616,14.6164,100,311.519,0.997238
"cHatObs[27]",14.6941,0.0355992,0.355992,14.0956,14.6923,15.2126,100,311.519,1.00187
"cHatObs[28]",14.9484,0.0372694,0.372694,14.32,14.9679,15.5299,100,311.519,1.0042
"cHatObs[29]",15.0537,0.0383107,0.383107,14.4129,15.079,15.5986,100,311.519,1.00528
"cHatObs[30]",15.0974,0.0388714,0.388714,14.4452,15.1168,15.6454,100,311.519,1.0058
"cHatObs[31]",15.1156,0.0391524,0.391524,14.4554,15.1488,15.6684,100,311.519,1.00604
"cHatObs[32]",15.1231,0.0392872,0.392872,14.4616,15.1673,15.6782,100,311.519,1.00615
"cHatObs[33]",15.1263,0.0393511,0.393511,14.4642,15.1719,15.6824,100,311.519,1.00622
"cHatObs[34]",15.1277,0.0393801,0.393801,14.4653,15.1729,15.6841,100,311.519,1.00624
"cHatObs[35]",15.1282,0.0393941,0.393941,14.4657,15.1733,15.6849,100,311.519,1.00625
"cHatObs[36]",15.1285,0.0394002,0.394002,14.4659,15.1735,15.6852,100,311.519,1.00626
"cHatObs[37]",15.1286,0.0394032,0.394032,14.4659,15.1736,15.6854,100,311.519,1.00626
"cHatObs[38]",61.5958,0.218215,2.18215,58.0145,61.4788,64.8046,100,311.519,0.994889
"cHatObs[39]",94.954,0.325175,3.25175,89.5318,95.0181,99.8655,100,311.519,0.995078
"cHatObs[40]",117.514,0.366909,3.66909,111.465,117.879,122.826,100,311.519,0.994062
"cHatObs[41]",144.959,0.360257,3.60257,139.025,144.852,150.374,100,311.519,0.990331
"cHatObs[42]",140.534,0.375531,3.42782,134.549,140.58,146.129,83.3188,259.554,0.990603
"cHatObs[43]",124.599,0.381401,3.23025,119.214,124.758,129.692,71.7313,223.456,0.992126
"cHatObs[44]",89.51,0.268324,2.45103,85.6525,89.5463,92.9999,83.4404,259.933,0.991358
"cHatObs[45]",64.0156,0.179041,1.79041,60.4241,64.1068,66.1901,100,311.519,0.989996
"cHatObs[46]",39.0492,0.10843,1.0843,37.4897,39.0062,40.5624,100,311.519,0.995609
"cHatObs[47]",30.1517,0.0735851,0.735851,28.9749,30.1402,31.4429,100,311.519,0.994752
"cHatObs[48]",23.878,0.062703,0.62703,22.8651,23.878,25.0604,100,311.519,0.99003
"cHatObs[49]",20.3991,0.0503985,0.503985,19.5849,20.4178,21.231,100,311.519,0.99323
"cHatObs[50]",15.1286,0.0394041,0.394041,14.466,15.1736,15.6854,100,311.519,1.00626
"cHatObs[51]",9.68182,0.0432762,0.432762,8.92251,9.67242,10.3848,100,311.519,1.00883
"x[1,1]",5000,0,0,5000,5000,5000,100,311.519,-nan
"x[1,2]",0,0,0,0,0,0,100,311.519,-nan
"x[1,3]",0,0,0,0,0,0,100,311.519,-nan
"x[2,1]",4033.43,15.5456,113.495,3847.94,4043.19,4209.37,53.3015,166.044,1.00341
"x[2,2]",918.648,15.4725,112.631,723.076,912.445,1088.1,52.9904,165.075,1.00334
"x[2,3]",25.9632,0.181923,1.81923,23.5817,25.8963,29.3407,100,311.519,0.990188
"x[3,1]",3247.89,25.3605,183.953,2952,3261.13,3536.41,52.6136,163.901,1.00369
"x[3,2]",1577.68,25.2007,181.767,1254.23,1573.58,1853.7,52.0241,162.065,1.00351
"x[3,3]",94.2758,0.639739,6.39739,85.1423,94.1886,105.493,100,311.519,0.989999
"x[4,1]",2624.17,30.8791,222.599,2271.83,2637.07,2977.21,51.9656,161.883,1.00395
"x[4,2]",2023.22,30.7476,219.938,1622.47,2025.75,2346.71,51.1655,159.39,1.00363
"x[4,3]",190.11,1.25485,12.5485,170.855,190.014,210.765,100,311.519,0.989951
"x[5,1]",1387.06,33.2774,235.788,1032.24,1390.83,1772.76,50.2046,156.397,1.00466
"x[5,2]",2566.21,34.2598,240.986,2098.58,2586.03,2876.06,49.4783,154.134,1.0036
"x[5,3]",559.62,3.46101,34.6101,497.596,561.573,609.133,100,311.519,0.990527
"x[6,1]",738.355,27.0484,188.809,469.014,733.545,1055.58,48.7259,151.79,1.00525
"x[6,2]",2482.62,30.2893,213.634,2087.54,2507.34,2797.82,49.7465,154.97,1.0029
"x[6,3]",942.082,5.54271,55.4271,834.124,940.836,1024.8,100,311.519,0.991834
"x[7,1]",395.795,19.6488,135.448,213.104,386.883,628.534,47.5197,148.033,1.00572
"x[7,2]",2173.92,25.533,183.331,1860.12,2182.83,2434.5,51.5548,160.603,1.00175
"x[7,3]",1273.21,7.14879,71.4879,1124.3,1280.26,1381.45,100,311.519,0.993474
"x[8,1]",116.092,8.8849,60.1821,43.9949,107.618,222.848,45.8806,142.927,1.00628
"x[8,2]",1495.05,18.5857,139.821,1267.42,1490.47,1740.01,56.5958,176.307,0.999964
"x[8,3]",1731.88,9.76132,87.4043,1561.36,1745.49,1858.66,80.1767,249.765,0.997012
"x[9,1]",34.9633,3.8385,24.4772,9.08266,29.9356,79.0111,40.6632,126.674,1.00637
"x[9,2]",1004.59,14.1943,109.685,820.843,1005.26,1209.04,59.7122,186.015,0.99994
"x[9,3]",1966.51,10.2084,87.1338,1794.8,1973.88,2093.34,72.8551,226.957,1.00075
"x[10,1]",3.4126,0.593003,3.69971,0.38711,2.31631,9.93223,38.9244,121.257,1.00539
"x[10,2]",531.981,8.55236,67.0267,424.915,534.409,646.358,61.4219,191.341,1.00305
"x[10,3]",2074.06,8.16346,69.6958,1951.81,2080.68,2175.69,72.8896,227.065,1.00976
"x[11,1]",0.363115,0.0957444,0.543415,0.016499,0.179228,1.24855,32.2134,100.351,1.00351
"x[11,2]",373.024,5.3707,43.5411,303.847,374.141,439.122,65.7258,204.748,1.007
"x[11,3]",1996.48,6.36438,55.4339,1910.23,2000.29,2080.85,75.8644,236.332,1.02021
"x[12,1]",0.00503937,0.00164218,0.0119267,2.99709e-05,0.00107306,0.0197298,52.7471,164.317,0.999231
"x[12,2]",279.214,3.20173,27.3379,233.976,279.525,322.757,72.9058,227.115,1.00931
"x[12,3]",1744.66,5.04693,47.2167,1663.73,1745.12,1821.74,87.526,272.66,1.03104
"x[13,1]",8.48399e-05,3.11752e-05,0.000271011,5.44431e-08,6.42456e-06,0.000311775,75.571,235.418,0.995696
"x[13,2]",237.011,2.60473,22.0598,201.196,237.449,271.336,71.7262,223.441,1.00752
"x[13,3]",1505.41,4.81316,48.1316,1421.22,1506.49,1590.28,100,311.519,1.02977
"x[14,1]",5000,0,0,5000,5000,5000,100,311.519,-nan
"x[14,2]",175.648,2.00559,16.3157,146.991,176.317,199.703,66.1803,206.164,1.00209
"x[14,3]",1118.27,5.16385,51.6385,1034.7,1117.05,1201.06,100,311.519,1.02183
"x[15,1]",4033.43,15.5456,113.495,3847.94,4043.19,4209.37,53.3015,166.044,1.00341
"x[15,2]",1093.21,17.4111,127.105,864.3,1094.2,1277.75,53.2935,166.019,1.00353
"x[15,3]",1137.36,5.1451,51.451,1053.85,1134.54,1221.46,100,311.519,1.02177
"x[16,1]",3247.89,25.3605,183.953,2952,3261.13,3536.41,52.6136,163.901,1.00369
"x[16,2]",1751.16,27.1295,196.151,1394.57,1755.47,2031.52,52.2753,162.847,1.00362
"x[16,3]",1198.75,5.12199,51.2199,1113.93,1196.85,1285.16,100,311.519,1.02184
"x[17,1]",2624.17,30.8791,222.599,2271.83,2637.07,2977.21,51.9656,161.883,1.00395
"x[17,2]",2195.62,32.6669,234.29,1761.93,2203.27,2519.73,51.4387,160.241,1.0037
"x[17,3]",1287.8,5.15774,51.5774,1197.4,1284.61,1376.55,100,311.519,1.02172
"x[18,1]",1387.06,33.2774,235.788,1032.24,1390.83,1772.76,50.2046,156.397,1.00466
"x[18,2]",2735.44,36.1466,255.237,2237.58,2749.76,3064.11,49.8602,155.324,1.00363
"x[18,3]",1637.1,6.05376,58.7823,1539.25,1634.79,1729.33,94.2851,293.716,1.0187
"x[19,1]",738.355,27.0484,188.809,469.014,733.545,1055.58,48.7259,151.79,1.00525
"x[19,2]",2648.73,32.1406,227.654,2229.49,2674.47,2968.26,50.1699,156.289,1.00294
"x[19,3]",1999.73,7.6037,71.9715,1872.3,1999.32,2114.8,89.5925,279.097,1.01548
"x[20,1]",395.795,19.6488,135.448,213.104,386.883,628.534,47.5197,148.033,1.00572
"x[20,2]",2336.97,27.365,196.991,2000.57,2351.79,2616.96,51.8202,161.43,1.00186
"x[20,3]",2311.4,9.11322,84.8348,2156.73,2314.34,2441.34,86.6572,269.953,1.01452
"x[21,1]",116.092,8.8849,60.1821,43.9949,107.618,222.848,45.8806,142.927,1.00628
"x[21,2]",1652.14,20.3597,152.823,1394.82,1655.68,1913.05,56.3427,175.518,1.00021
"x[21,3]",2732.21,11.0625,99.9694,2554.17,2742.23,2887.45,81.6628,254.395,1.01662
"x[22,1]",34.9633,3.8385,24.4772,9.08266,29.9356,79.0111,40.6632,126.674,1.00637
"x[22,2]",1155.95,15.9288,122.457,943.365,1160.41,1374.5,59.1018,184.113,1.00013
"x[22,3]",2930.37,11.4761,102.223,2758.56,2941.59,3094.47,79.3424,247.167,1.02079
"x[23,1]",3.4126,0.593003,3.69971,0.38711,2.31631,9.93223,38.9244,121.257,1.00539
"x[23,2]",672.486,10.2208,79.7161,544.472,675.404,801.179,60.8302,189.497,1.0024
"x[23,3]",2968.93,10.3098,94.0365,2822.31,2974.77,3117.1,83.1948,259.167,1.02872
"x[24,1]",0.363115,0.0957444,0.543415,0.016499,0.179228,1.24855,32.2134,100.351,1.00351
"x[24,2]",503.46,6.95669,55.6578,413.242,504.192,587.183,64.0097,199.402,1.00466
"x[24,3]",2827.32,9.19744,89.3032,2679.72,2828.42,2975.83,94.2758,293.687,1.03107
"x[25,1]",0.00503937,0.00164218,0.0119267,2.99709e-05,0.00107306,0.0197298,52.7471,164.317,0.999231
"x[25,2]",391.631,4.54347,37.6048,328.594,394.668,450.189,68.5035,213.401,1.00495
"x[25,3]",2460.89,9.07101,90.7101,2305.92,2460.53,2617.18,100,311.519,1.0272
"x[26,1]",8.48399e-05,3.11752e-05,0.000271011,5.44431e-08,6.42456e-06,0.000311775,75.571,235.418,0.995696
"x[26,2]",333.907,3.81571,31.1441,279.116,335.289,380.58,66.6191,207.531,1.00269
"x[26,3]",2122.89,9.37718,93.7718,1970.4,2121.45,2273.34,100,311.519,1.02288
"x[27,1]",5000,0,0,5000,5000,5000,100,311.519,-nan
"x[27,2]",247.652,3.04327,23.8726,205.048,248.345,282.023,61.5348,191.692,0.997613
"x[27,3]",1577.34,9.51592,95.1592,1435.22,1571.98,1731.25,100,311.519,1.0168
"x[28,1]",5000,0,0,5000,5000,5000,100,311.519,-nan
"x[28,2]",247.652,3.04327,23.8726,205.048,248.345,282.023,61.5348,191.692,0.997613
"x[28,3]",1577.34,9.51592,95.1592,1435.22,1571.98,1731.25,100,311.519,1.0168
"x[29,1]",5000,0,0,5000,5000,5000,100,311.519,-nan
"x[29,2]",277.258,3.58756,27.7037,226.879,278.807,318.166,59.6315,185.763,0.9953
"x[29,3]",1766.35,12.294,122.94,1589.02,1754.79,1958.37,100,311.519,1.01459
"x[30,1]",5000,0,0,5000,5000,5000,100,311.519,-nan
"x[30,2]",277.258,3.58756,27.7037,226.879,278.807,318.166,59.6315,185.763,0.9953
"x[30,3]",1766.35,12.294,122.94,1589.02,1754.79,1958.37,100,311.519,1.01459
"x[31,1]",5000,0,0,5000,5000,5000,100,311.519,-nan
"x[31,2]",289.468,3.86321,29.6443,235.259,291.028,334.422,58.8827,183.431,0.994161
"x[31,3]",1844.4,13.8533,138.533,1646.02,1828.66,2056.87,100,311.519,1.01355
"x[32,1]",5000,0,0,5000,5000,5000,100,311.519,-nan
"x[32,2]",289.468,3.86321,29.6443,235.259,291.028,334.422,58.8827,183.431,0.994161
"x[32,3]",1844.4,13.8533,138.533,1646.02,1828.66,2056.87,100,311.519,1.01355
"x[33,1]",5000,0,0,5000,5000,5000,100,311.519,-nan
"x[33,2]",294.518,3.99914,30.6035,238.476,296.42,342.68,58.5613,182.429,0.993601
"x[33,3]",1876.72,14.6704,146.704,1667.65,1858.51,2099.69,100,311.519,1.01305
"x[34,1]",5000,0,0,5000,5000,5000,100,311.519,-nan
"x[34,2]",294.518,3.99914,30.6035,238.476,296.42,342.68,58.5613,182.429,0.993601
"x[34,3]",1876.72,14.6704,146.704,1667.65,1858.51,2099.69,100,311.519,1.01305
"x[35,1]",5000,0,0,5000,5000,5000,100,311.519,-nan
"x[35,2]",296.613,4.0648,31.0664,239.71,297.904,345.146,58.4122,181.965,0.993325
"x[35,3]",1890.15,15.0808,150.808,1675.86,1870.57,2120.75,100,311.519,1.01281
"x[36,1]",5000,0,0,5000,5000,5000,100,311.519,-nan
"x[36,2]",296.613,4.0648,31.0664,239.71,297.904,345.146,58.4122,181.965,0.993325
"x[36,3]",1890.15,15.0808,150.808,1675.86,1870.57,2120.75,100,311.519,1.01281
"x[37,1]",5000,0,0,5000,5000,5000,100,311.519,-nan
"x[37,2]",297.485,4.09605,31.2857,240.184,298.982,346.167,58.3392,181.738,0.993189
"x[37,3]",1895.74,15.2813,152.813,1678.98,1875.45,2130.16,100,311.519,1.0127
"x[38,1]",5000,0,0,5000,5000,5000,100,311.519,-nan
"x[38,2]",297.485,4.09605,31.2857,240.184,298.982,346.167,58.3392,181.738,0.993189
"x[38,3]",1895.74,15.2813,152.813,1678.98,1875.45,2130.16,100,311.519,1.0127
"x[39,1]",5000,0,0,5000,5000,5000,100,311.519,-nan
"x[39,2]",297.849,4.11072,31.3881,240.366,299.335,346.589,58.3035,181.626,0.993123
"x[39,3]",1898.08,15.3773,153.773,1680.16,1877.42,2134.36,100,311.519,1.01264
"x[40,1]",5000,0,0,5000,5000,5000,100,311.519,-nan
"x[40,2]",297.849,4.11072,31.3881,240.366,299.335,346.589,58.3035,181.626,0.993123
"x[40,3]",1898.08,15.3773,153.773,1680.16,1877.42,2134.36,100,311.519,1.01264
"x[41,1]",5000,0,0,5000,5000,5000,100,311.519,-nan
"x[41,2]",298.001,4.11757,31.4356,240.436,299.419,346.764,58.2856,181.571,0.993091
"x[41,3]",1899.05,15.4228,154.228,1680.61,1878.21,2136.24,100,311.519,1.01261
"x[42,1]",5000,0,0,5000,5000,5000,100,311.519,-nan
"x[42,2]",298.001,4.11757,31.4356,240.436,299.419,346.764,58.2856,181.571,0.993091
"x[42,3]",1899.05,15.4228,154.228,1680.61,1878.21,2136.24,100,311.519,1.01261
"x[43,1]",5000,0,0,5000,5000,5000,100,311.519,-nan
"x[43,2]",298.065,4.12073,31.4574,240.463,299.451,346.836,58.277,181.544,0.993076
"x[43,3]",1899.47,15.444,154.44,1680.78,1878.53,2137.08,100,311.519,1.0126
"x[44,1]",5000,0,0,5000,5000,5000,100,311.519,-nan
"x[44,2]",298.065,4.12073,31.4574,240.463,299.451,346.836,58.277,181.544,0.993076
"x[44,3]",1899.47,15.444,154.44,1680.78,1878.53,2137.08,100,311.519,1.0126
"x[45,1]",5000,0,0,5000,5000,5000,100,311.519,-nan
"x[45,2]",298.092,4.12221,31.4674,240.473,299.463,346.866,58.2722,181.529,0.993068
"x[45,3]",1899.64,15.4539,154.539,1680.84,1878.66,2137.46,100,311.519,1.0126
"x[46,1]",5000,0,0,5000,5000,5000,100,311.519,-nan
"x[46,2]",298.092,4.12221,31.4674,240.473,299.463,346.866,58.2722,181.529,0.993068
"x[46,3]",1899.64,15.4539,154.539,1680.84,1878.66,2137.46,100,311.519,1.0126
"x[47,1]",5000,0,0,5000,5000,5000,100,311.519,-nan
"x[47,2]",298.103,4.12287,31.4719,240.477,299.468,346.878,58.2704,181.523,0.993065
"x[47,3]",1899.71,15.4584,154.584,1680.87,1878.72,2137.62,100,311.519,1.0126
"x[48,1]",5000,0,0,5000,5000,5000,100,311.519,-nan
"x[48,2]",298.103,4.12287,31.4719,240.477,299.468,346.878,58.2704,181.523,0.993065
"x[48,3]",1899.71,15.4584,154.584,1680.87,1878.72,2137.62,100,311.519,1.0126
"x[49,1]",5000,0,0,5000,5000,5000,100,311.519,-nan
"x[49,2]",298.108,4.12317,31.474,240.478,299.47,346.883,58.2693,181.52,0.993063
"x[49,3]",1899.74,15.4605,154.605,1680.88,1878.74,2137.7,100,311.519,1.01259
"x[50,1]",5000,0,0,5000,5000,5000,100,311.519,-nan
"x[50,2]",298.108,4.12317,31.474,240.478,299.47,346.883,58.2693,181.52,0.993063
"x[50,3]",1899.74,15.4605,154.605,1680.88,1878.74,2137.7,100,311.519,1.01259
"x[51,1]",5000,0,0,5000,5000,5000,100,311.519,-nan
"x[51,2]",298.11,4.12333,31.475,240.479,299.47,346.885,58.2686,181.517,0.993062
"x[51,3]",1899.76,15.4614,154.614,1680.88,1878.75,2137.73,100,311.519,1.01259
"x[52,1]",5000,0,0,5000,5000,5000,100,311.519,-nan
"x[52,2]",298.11,4.12333,31.475,240.479,299.47,346.885,58.2686,181.517,0.993062
"x[52,3]",1899.76,15.4614,154.614,1680.88,1878.75,2137.73,100,311.519,1.01259
"x[53,1]",4033.43,15.5456,113.495,3847.94,4043.19,4209.37,53.3015,166.044,1.00341
"x[53,2]",1214.93,19.4956,141.31,960.743,1226.92,1420.4,52.5379,163.665,1.00086
"x[53,3]",1914.06,15.3858,153.858,1696.67,1893.56,2150.4,100,311.519,1.01263
"x[54,1]",3247.89,25.3605,183.953,2952,3261.13,3536.41,52.6136,163.901,1.00369
"x[54,2]",1872.12,29.205,210.269,1490.4,1884.41,2168.99,51.8368,161.481,1.00178
"x[54,3]",1970.66,15.2387,152.387,1756.25,1952,2202.93,100,311.519,1.0129
"x[55,1]",2624.17,30.8791,222.599,2271.83,2637.07,2977.21,51.9656,161.883,1.00395
"x[55,2]",2315.84,34.7361,248.433,1857.17,2332.48,2658.58,51.1513,159.346,1.00212
"x[55,3]",2054.98,15.066,150.66,1843.8,2039.53,2287.25,100,311.519,1.01342
"x[56,1]",1387.06,33.2774,235.788,1032.24,1390.83,1772.76,50.2046,156.397,1.00466
"x[56,2]",2853.46,38.1999,269.569,2330.96,2877.41,3202.68,49.7984,155.131,1.00215
"x[56,3]",2390.24,14.6555,146.555,2157.87,2380.08,2629.77,100,311.519,1.01613
"x[57,1]",738.355,27.0484,188.809,469.014,733.545,1055.58,48.7259,151.79,1.00525
"x[57,2]",2764.58,34.1773,242.096,2321.06,2789.01,3108.48,50.1764,156.309,1.00135
"x[57,3]",2739.09,14.6127,146.127,2495.94,2727.53,2991.52,100,311.519,1.01949
"x[58,1]",395.795,19.6488,135.448,213.104,386.883,628.534,47.5197,148.033,1.00572
"x[58,2]",2450.7,29.3935,211.358,2092.42,2467.94,2745.79,51.705,161.071,1.0002
"x[58,3]",3037.22,14.8558,148.558,2781.25,3030.22,3300.49,100,311.519,1.02244
"x[59,1]",116.092,8.8849,60.1821,43.9949,107.618,222.848,45.8806,142.927,1.00628
"x[59,2]",1761.74,22.3308,166.691,1478.79,1761.82,2051.95,55.7206,173.58,0.998434
"x[59,3]",3431.71,15.4868,154.868,3164.3,3424,3716.8,100,311.519,1.02626
"x[60,1]",34.9633,3.8385,24.4772,9.08266,29.9356,79.0111,40.6632,126.674,1.00637
"x[60,2]",1261.57,17.8373,135.758,1027.76,1264.14,1503.62,57.9257,180.45,0.998036
"x[60,3]",3604.51,15.8248,158.248,3332.64,3597.85,3880.6,100,311.519,1.02789
"x[61,1]",3.4126,0.593003,3.69971,0.38711,2.31631,9.93223,38.9244,121.257,1.00539
"x[61,2]",770.574,11.9955,91.7948,618.626,771.414,918.096,58.56,182.425,0.998937
"x[61,3]",3595.08,16.0293,160.293,3321.64,3594.51,3872.64,100,311.519,1.02671
"x[62,1]",0.363115,0.0957444,0.543415,0.016499,0.179228,1.24855,32.2134,100.351,1.00351
"x[62,2]",594.557,8.59725,66.3742,484.04,591.226,693.033,59.6046,185.68,0.999612
"x[62,3]",3408.91,16.2323,162.323,3156.29,3403.88,3686.39,100,311.519,1.02343
"x[63,1]",0.00503937,0.00164218,0.0119267,2.99709e-05,0.00107306,0.0197298,52.7471,164.317,0.999231
"x[63,2]",470.21,5.95702,46.6049,389.422,470.237,536.46,61.2076,190.673,0.998573
"x[63,3]",2962.67,16.4892,164.892,2712.42,2953.36,3236.33,100,311.519,1.01874
"x[64,1]",8.48399e-05,3.11752e-05,0.000271011,5.44431e-08,6.42456e-06,0.000311775,75.571,235.418,0.995696
"x[64,2]",401.694,5.10252,39.5673,330.946,402.754,458.297,60.1317,187.321,0.996516
"x[64,3]",2555.86,16.3849,163.849,2316.2,2541.19,2816.91,100,311.519,1.01605
"x[65,1]",3.32437e-08,1.6181e-08,1.48427e-07,1.79651e-13,2.30293e-10,7.78534e-08,84.1424,262.119,0.991456
"x[65,2]",298.111,4.12337,31.4754,240.479,299.471,346.886,58.2689,181.519,0.993062
"x[65,3]",1899.76,15.4619,154.619,1680.88,1878.75,2137.75,100,311.519,1.01259
"x[66,1]",3.63226e-13,2.12156e-13,2.0529e-12,1.07686e-21,4.94237e-17,3.07207e-13,93.6315,291.68,0.989978
"x[66,2]",190.997,3.03543,23.2441,152.347,190.455,223.374,58.6389,182.671,0.990477
"x[66,3]",1218.02,13.147,131.47,1024.62,1202.04,1428.94,100,311.519,1.00953
# Inference for Stan model: twoCpt_model
# 1 chains: each with iter=(100); warmup=(1000); thin=(1); 1100 iterations saved.
#
# Warmup took (3.0) seconds, 3.0 seconds total
# Sampling took (0.32) seconds, 0.32 seconds total
#
# Samples were drawn using hmc with nuts.
# For each parameter, N_Eff is a crude measure of effective sample size,
# and R_hat is the potential scale reduction factor on split chains (at 
# convergence, R_hat=1).
