name,Mean,MCSE,StdDev,5%,50%,95%,N_Eff,N_Eff/s,R_hat
"lp__",164.167,97.5526,138.002,81.3955,85.5413,403.583,2.00121,0.0141765,91.7788
"accept_stat__",0.891571,0.0438725,0.135388,0.591288,0.945898,0.999666,9.52304,0.0674609,1.11239
"stepsize__",0.188559,0.0770961,0.109058,6.83639e-05,0.250878,0.261401,2.001,0.014175,2.51533e+14
"treedepth__",5.29525,0.0435531,2.75454,3,4,10,4000,28.3359,6.459
"n_leapfrog__",267.144,6.90131,436.477,7,15,1023,4000,28.3359,92.4309
"divergent__",0,0,0,0,0,0,4000,28.3359,-nan
"energy__",-161.219,97.576,138.044,-401.693,-82.9124,-77.3015,2.00145,0.0141782,61.9731
"CL",10.752,0.0297765,0.159943,10.5229,10.7397,11.0364,28.8524,0.204389,1.07603
"Q",12.2185,0.631969,1.10697,10.7222,12.3445,14.0088,3.0682,0.021735,1.61603
"V1",25.3643,6.76763,9.70999,16.5665,20.8163,42.0464,2.05857,0.0145828,5.55501
"V2",70.5591,2.5754,4.96954,64.2357,70.6442,79.0894,3.72343,0.0263767,1.41177
"ka",1.04702e+160,inf,inf,2.10259,2.74802,5.18902e+160,4000,28.3359,-nan
"sigma",0.156201,0.0592198,0.0842614,0.0912998,0.112158,0.301801,2.02453,0.0143417,8.60908
"cHat[1]",0,0,0,0,0,0,4000,28.3359,-nan
"cHat[2]",63.496,20.8193,29.4873,43.7611,47.2441,114.826,2.00603,0.0142106,18.6139
"cHat[3]",87.3558,9.16685,13.1493,75.7667,81.0691,110.015,2.05761,0.0145761,5.6081
"cHat[4]",103.198,0.913815,3.05896,97.6847,103.907,107.446,11.2055,0.0793795,1.09419
"cHat[5]",120.918,11.4492,16.4112,92.7571,128.779,135.456,2.05459,0.0145547,5.74061
"cHat[6]",115.22,13.4312,19.2032,82.278,124.634,131.662,2.04419,0.014481,6.37621
"cHat[7]",101.269,11.4604,16.4363,73.2041,109.053,115.822,2.0569,0.014571,5.62846
"cHat[8]",71.7817,5.4209,7.93711,58.5274,74.9793,80.1766,2.14379,0.0151865,3.61069
"cHat[9]",50.3102,1.16306,2.28352,47.4176,50.3612,54.1065,3.85483,0.0273075,1.38938
"cHat[10]",28.5873,1.90719,2.85191,25.3149,27.5415,33.3719,2.23606,0.0158401,2.88796
"cHat[11]",20.394,1.81814,2.64522,17.704,19.2247,24.9953,2.11674,0.0149949,4.00908
"cHat[12]",14.7631,0.790933,1.23377,13.1515,14.4124,16.8033,2.43328,0.0172373,2.25129
"cHat[13]",12.2531,0.334978,0.639822,11.1996,12.2265,13.1587,3.64826,0.0258442,1.44326
"cHat[14]",9.00855,0.150111,0.315375,8.471,9.02289,9.45731,4.41399,0.0312685,1.33254
"cHat[15]",72.4494,20.9579,29.6828,52.6069,56.0938,124.073,2.00592,0.0142099,18.7669
"cHat[16]",96.2536,9.30432,13.3402,84.5372,89.835,119.211,2.05567,0.0145623,5.69743
"cHat[17]",112.041,1.07645,3.13822,106.415,112.592,116.228,8.4992,0.060208,1.12564
"cHat[18]",129.599,11.3141,16.2242,101.804,137.348,144.068,2.05629,0.0145667,5.65361
"cHat[19]",123.743,13.2971,19.0169,91.1376,132.987,140.058,2.04536,0.0144892,6.29431
"cHat[20]",109.636,11.3271,16.2508,81.897,117.375,124.112,2.05833,0.0145811,5.56141
"cHat[21]",79.8464,5.28883,7.75317,66.8562,82.9307,88.0961,2.14902,0.0152236,3.55362
"cHat[22]",58.084,1.0293,2.14492,55.3644,58.0353,61.691,4.34248,0.030762,1.32007
"cHat[23]",35.8115,2.03629,3.02839,32.3907,34.6764,40.9968,2.2118,0.0156683,3.04309
"cHat[24]",27.1083,1.94887,2.83634,24.24,25.8759,32.1059,2.11812,0.0150047,4.01375
"cHat[25]",20.5642,0.918916,1.41488,18.7753,20.1426,22.9886,2.37077,0.0167945,2.4155
"cHat[26]",17.266,0.458923,0.785518,16.0899,17.1564,18.5377,2.92977,0.0207544,1.72099
"cHat[27]",12.7529,0.264631,0.449004,12.1063,12.6753,13.5216,2.87885,0.0203936,1.784
"cHat[28]",12.7529,0.264631,0.449004,12.1063,12.6753,13.5216,2.87885,0.0203936,1.784
"cHat[29]",14.3161,0.338962,0.550322,13.562,14.1836,15.282,2.63592,0.0186728,2.01255
"cHat[30]",14.3161,0.338962,0.550322,13.562,14.1836,15.282,2.63592,0.0186728,2.01255
"cHat[31]",14.9702,0.381798,0.616594,14.1331,14.8198,16.0518,2.60814,0.018476,2.04447
"cHat[32]",14.9702,0.381798,0.616594,14.1331,14.8198,16.0518,2.60814,0.018476,2.04447
"cHat[33]",15.2446,0.404574,0.654229,14.3481,15.0867,16.3859,2.61495,0.0185242,2.03271
"cHat[34]",15.2446,0.404574,0.654229,14.3481,15.0867,16.3859,2.61495,0.0185242,2.03271
"cHat[35]",15.36,0.416082,0.67393,14.4305,15.2012,16.5292,2.62344,0.0185844,2.02029
"cHat[36]",15.36,0.416082,0.67393,14.4305,15.2012,16.5292,2.62344,0.0185844,2.02029
"cHat[37]",15.4086,0.421704,0.683753,14.46,15.2474,16.5911,2.62895,0.0186234,2.01262
"cHat[38]",15.4086,0.421704,0.683753,14.46,15.2474,16.5911,2.62895,0.0186234,2.01262
"cHat[39]",15.4292,0.424388,0.688502,14.4739,15.2652,16.6186,2.63199,0.018645,2.00849
"cHat[40]",15.4292,0.424388,0.688502,14.4739,15.2652,16.6186,2.63199,0.018645,2.00849
"cHat[41]",15.4378,0.425647,0.690752,14.4797,15.2731,16.6302,2.63357,0.0186561,2.00639
"cHat[42]",15.4378,0.425647,0.690752,14.4797,15.2731,16.6302,2.63357,0.0186561,2.00639
"cHat[43]",15.4415,0.426231,0.691802,14.4827,15.2761,16.6352,2.63435,0.0186617,2.00535
"cHat[44]",15.4415,0.426231,0.691802,14.4827,15.2761,16.6352,2.63435,0.0186617,2.00535
"cHat[45]",15.4431,0.426498,0.692287,14.4843,15.2786,16.6374,2.63474,0.0186644,2.00484
"cHat[46]",15.4431,0.426498,0.692287,14.4843,15.2786,16.6374,2.63474,0.0186644,2.00484
"cHat[47]",15.4438,0.42662,0.692508,14.4849,15.2791,16.6383,2.63492,0.0186657,2.00461
"cHat[48]",15.4438,0.42662,0.692508,14.4849,15.2791,16.6383,2.63492,0.0186657,2.00461
"cHat[49]",15.444,0.426674,0.692608,14.4851,15.2793,16.6388,2.63501,0.0186664,2.00449
"cHat[50]",15.444,0.426674,0.692608,14.4851,15.2793,16.6388,2.63501,0.0186664,2.00449
"cHat[51]",15.4442,0.4267,0.692655,14.4851,15.2794,16.6389,2.63505,0.0186666,2.00444
"cHat[52]",15.4442,0.4267,0.692655,14.4851,15.2794,16.6389,2.63505,0.0186666,2.00444
"cHat[53]",78.8462,21.2308,30.0694,58.7252,62.2977,131.106,2.00593,0.0142099,18.7014
"cHat[54]",102.612,9.57555,13.7206,90.6106,95.9821,126.234,2.05315,0.0145445,5.82426
"cHat[55]",118.361,1.36594,3.32914,112.471,118.701,122.313,5.94019,0.0420801,1.19801
"cHat[56]",135.805,11.047,15.8507,108.653,143.329,149.99,2.05878,0.0145844,5.53324
"cHat[57]",129.837,13.0325,18.6466,97.8219,138.935,145.912,2.04714,0.0145019,6.17546
"cHat[58]",115.62,11.0658,15.8884,88.3928,123.105,129.897,2.06156,0.014604,5.41802
"cHat[59]",85.6167,5.03606,7.42135,73.0898,88.4915,93.7587,2.17162,0.0153837,3.33428
"cHat[60]",63.6483,0.769848,2.0006,61.1345,63.3469,67.1948,6.75324,0.0478397,1.17362
"cHat[61]",40.9855,2.27545,3.35666,37.357,39.6494,46.8451,2.17612,0.0154155,3.33464
"cHat[62]",31.9196,2.1752,3.1352,29.0543,30.4536,37.5632,2.07746,0.0147166,5.0148
"cHat[63]",24.7247,1.12069,1.64784,23.0033,24.0501,27.7311,2.162,0.0153155,3.57997
"cHat[64]",20.8639,0.644273,0.987983,19.6658,20.5512,22.6528,2.35158,0.0166585,2.54952
"cHat[65]",15.4442,0.42671,0.692675,14.4852,15.2794,16.639,2.63508,0.0186668,2.00441
"cHat[66]",9.96156,0.356686,0.624833,9.02064,9.86431,10.9342,3.06871,0.0217386,1.64934
"cHatObs[1]",63.496,20.8193,29.4873,43.7611,47.2441,114.826,2.00603,0.0142106,18.6139
"cHatObs[2]",87.3558,9.16685,13.1493,75.7667,81.0691,110.015,2.05761,0.0145761,5.6081
"cHatObs[3]",103.198,0.913815,3.05896,97.6847,103.907,107.446,11.2055,0.0793795,1.09419
"cHatObs[4]",120.918,11.4492,16.4112,92.7571,128.779,135.456,2.05459,0.0145547,5.74061
"cHatObs[5]",115.22,13.4312,19.2032,82.278,124.634,131.662,2.04419,0.014481,6.37621
"cHatObs[6]",101.269,11.4604,16.4363,73.2041,109.053,115.822,2.0569,0.014571,5.62846
"cHatObs[7]",71.7817,5.4209,7.93711,58.5274,74.9793,80.1766,2.14379,0.0151865,3.61069
"cHatObs[8]",50.3102,1.16306,2.28352,47.4176,50.3612,54.1065,3.85483,0.0273075,1.38938
"cHatObs[9]",28.5873,1.90719,2.85191,25.3149,27.5415,33.3719,2.23606,0.0158401,2.88796
"cHatObs[10]",20.394,1.81814,2.64522,17.704,19.2247,24.9953,2.11674,0.0149949,4.00908
"cHatObs[11]",14.7631,0.790933,1.23377,13.1515,14.4124,16.8033,2.43328,0.0172373,2.25129
"cHatObs[12]",12.2531,0.334978,0.639822,11.1996,12.2265,13.1587,3.64826,0.0258442,1.44326
"cHatObs[13]",72.4494,20.9579,29.6828,52.6069,56.0938,124.073,2.00592,0.0142099,18.7669
"cHatObs[14]",96.2536,9.30432,13.3402,84.5372,89.835,119.211,2.05567,0.0145623,5.69743
"cHatObs[15]",112.041,1.07645,3.13822,106.415,112.592,116.228,8.4992,0.060208,1.12564
"cHatObs[16]",129.599,11.3141,16.2242,101.804,137.348,144.068,2.05629,0.0145667,5.65361
"cHatObs[17]",123.743,13.2971,19.0169,91.1376,132.987,140.058,2.04536,0.0144892,6.29431
"cHatObs[18]",109.636,11.3271,16.2508,81.897,117.375,124.112,2.05833,0.0145811,5.56141
"cHatObs[19]",79.8464,5.28883,7.75317,66.8562,82.9307,88.0961,2.14902,0.0152236,3.55362
"cHatObs[20]",58.084,1.0293,2.14492,55.3644,58.0353,61.691,4.34248,0.030762,1.32007
"cHatObs[21]",35.8115,2.03629,3.02839,32.3907,34.6764,40.9968,2.2118,0.0156683,3.04309
"cHatObs[22]",27.1083,1.94887,2.83634,24.24,25.8759,32.1059,2.11812,0.0150047,4.01375
"cHatObs[23]",20.5642,0.918916,1.41488,18.7753,20.1426,22.9886,2.37077,0.0167945,2.4155
"cHatObs[24]",17.266,0.458923,0.785518,16.0899,17.1564,18.5377,2.92977,0.0207544,1.72099
"cHatObs[25]",12.7529,0.264631,0.449004,12.1063,12.6753,13.5216,2.87885,0.0203936,1.784
"cHatObs[26]",14.3161,0.338962,0.550322,13.562,14.1836,15.282,2.63592,0.0186728,2.01255
"cHatObs[27]",14.9702,0.381798,0.616594,14.1331,14.8198,16.0518,2.60814,0.018476,2.04447
"cHatObs[28]",15.2446,0.404574,0.654229,14.3481,15.0867,16.3859,2.61495,0.0185242,2.03271
"cHatObs[29]",15.36,0.416082,0.67393,14.4305,15.2012,16.5292,2.62344,0.0185844,2.02029
"cHatObs[30]",15.4086,0.421704,0.683753,14.46,15.2474,16.5911,2.62895,0.0186234,2.01262
"cHatObs[31]",15.4292,0.424388,0.688502,14.4739,15.2652,16.6186,2.63199,0.018645,2.00849
"cHatObs[32]",15.4378,0.425647,0.690752,14.4797,15.2731,16.6302,2.63357,0.0186561,2.00639
"cHatObs[33]",15.4415,0.426231,0.691802,14.4827,15.2761,16.6352,2.63435,0.0186617,2.00535
"cHatObs[34]",15.4431,0.426498,0.692287,14.4843,15.2786,16.6374,2.63474,0.0186644,2.00484
"cHatObs[35]",15.4438,0.42662,0.692508,14.4849,15.2791,16.6383,2.63492,0.0186657,2.00461
"cHatObs[36]",15.444,0.426674,0.692608,14.4851,15.2793,16.6388,2.63501,0.0186664,2.00449
"cHatObs[37]",15.4442,0.4267,0.692655,14.4851,15.2794,16.6389,2.63505,0.0186666,2.00444
"cHatObs[38]",78.8462,21.2308,30.0694,58.7252,62.2977,131.106,2.00593,0.0142099,18.7014
"cHatObs[39]",102.612,9.57555,13.7206,90.6106,95.9821,126.234,2.05315,0.0145445,5.82426
"cHatObs[40]",118.361,1.36594,3.32914,112.471,118.701,122.313,5.94019,0.0420801,1.19801
"cHatObs[41]",135.805,11.047,15.8507,108.653,143.329,149.99,2.05878,0.0145844,5.53324
"cHatObs[42]",129.837,13.0325,18.6466,97.8219,138.935,145.912,2.04714,0.0145019,6.17546
"cHatObs[43]",115.62,11.0658,15.8884,88.3928,123.105,129.897,2.06156,0.014604,5.41802
"cHatObs[44]",85.6167,5.03606,7.42135,73.0898,88.4915,93.7587,2.17162,0.0153837,3.33428
"cHatObs[45]",63.6483,0.769848,2.0006,61.1345,63.3469,67.1948,6.75324,0.0478397,1.17362
"cHatObs[46]",40.9855,2.27545,3.35666,37.357,39.6494,46.8451,2.17612,0.0154155,3.33464
"cHatObs[47]",31.9196,2.1752,3.1352,29.0543,30.4536,37.5632,2.07746,0.0147166,5.0148
"cHatObs[48]",24.7247,1.12069,1.64784,23.0033,24.0501,27.7311,2.162,0.0153155,3.57997
"cHatObs[49]",20.8639,0.644273,0.987983,19.6658,20.5512,22.6528,2.35158,0.0166585,2.54952
"cHatObs[50]",15.4442,0.42671,0.692675,14.4852,15.2794,16.639,2.63508,0.0186668,2.00441
"cHatObs[51]",9.96156,0.356686,0.624833,9.02064,9.86431,10.9342,3.06871,0.0217386,1.64934
"x[1,1]",5000,0,0,5000,5000,5000,4000,28.3359,-nan
"x[1,2]",0,0,0,0,0,0,4000,28.3359,-nan
"x[1,3]",0,0,0,0,0,0,4000,28.3359,-nan
"x[2,1]",3020.61,27.6253,1747.17,0,3980.28,4199.27,4000,28.3359,18.2387
"x[2,2]",1891.85,1184.7,1678.17,753.829,972.77,4794.34,2.00656,0.0142144,17.6128
"x[2,3]",45.1944,23.8625,33.7826,23.1443,26.3449,104.118,2.00426,0.0141981,23.2869
"x[3,1]",2428.89,22.3287,1412.19,0,3159.84,3519.37,4000,28.3359,9.1338
"x[3,2]",2339.35,921.833,1311.76,1306.64,1666.93,4596.23,2.02489,0.0143443,8.54214
"x[3,3]",120.704,33.5335,47.6715,84.3038,95.7152,203.626,2.02097,0.0143165,9.36169
"x[4,1]",1959.85,18.1678,1149.03,0,2515.41,2955.76,4000,28.3359,6.16192
"x[4,2]",2628.61,728.647,1045.08,1691.54,2135.22,4409.89,2.05716,0.0145729,5.62323
"x[4,3]",215,32.9389,47.5247,170.335,193.017,296.471,2.08172,0.0147468,4.72781
"x[5,1]",1032.19,9.98478,631.493,0,1265.46,1747.3,4000,28.3359,3.21472
"x[5,2]",2910.47,407.722,607.845,2189.76,2699.02,3900.7,2.22258,0.0157447,2.96038
"x[5,3]",551.624,0.616543,30.4196,503.194,545.354,607.963,2434.34,17.2448,1.01475
"x[6,1]",547.74,5.64781,357.199,0,636.63,1032.92,4000,28.3359,2.27091
"x[6,2]",2737.88,298.037,455.621,2145.49,2606.62,3461.07,2.33705,0.0165556,2.47381
"x[6,3]",888.067,57.5932,92.5193,749.238,909.45,1021.91,2.58061,0.0182809,1.9906
"x[7,1]",292.82,3.26648,206.59,0,320.277,610.614,4000,28.3359,1.82366
"x[7,2]",2410.83,274.631,416.183,1878.47,2283.5,3081.29,2.29652,0.0162685,2.61163
"x[7,3]",1178.08,105.011,158.849,923.046,1231.18,1375.12,2.28824,0.0162098,2.64087
"x[8,1]",85.5158,1.14404,72.3556,0,81.0595,213.385,4000,28.3359,1.41491
"x[8,2]",1746.7,292.661,429.483,1270,1578.42,2469.06,2.15359,0.0152559,3.50323
"x[8,3]",1586.52,163.959,242.041,1187.11,1681.1,1856.77,2.17926,0.0154378,3.25897
"x[9,1]",25.6825,0.417039,26.3758,0,20.5155,74.5698,4000,28.3359,1.23835
"x[9,2]",1261.75,301.684,436.197,831.336,1067.7,2010.05,2.09055,0.0148094,4.49751
"x[9,3]",1807.18,181.395,265.815,1364.62,1916.51,2090.35,2.14737,0.0152119,3.56506
"x[10,1]",2.50939,0.0598013,3.78217,0,1.31413,9.10667,4000,28.3359,1.09602
"x[10,2]",751.46,261.289,373.909,428.25,567.596,1402.97,2.0478,0.0145065,6.16184
"x[10,3]",1935.75,158.971,231.793,1547.18,2033.18,2174.34,2.12601,0.0150606,3.83232
"x[11,1]",0.27102,0.00925051,0.585054,0,0.0841771,1.11213,4000,28.3359,1.04505
"x[11,2]",542.072,203.276,289.986,304.106,396.267,1051.19,2.03507,0.0144164,7.22028
"x[11,3]",1890.87,122.026,178.454,1590.46,1964.33,2076.36,2.1387,0.0151505,3.6613
"x[12,1]",0.00411965,0.000260687,0.0164873,0,0.000345387,0.0165863,4000,28.3359,1.01344
"x[12,2]",384.633,127.863,182.408,234.784,293.042,706.955,2.03516,0.014417,7.23471
"x[12,3]",1682.36,72.7503,109.964,1500.59,1719.02,1814.89,2.28473,0.0161849,2.65022
"x[13,1]",8.31309e-05,8.45056e-06,0.00053446,0,1.41716e-06,0.000247367,4000,28.3359,1.00551
"x[13,2]",314.765,94.3536,134.812,200.658,248.421,553.215,2.04146,0.0144616,6.65876
"x[13,3]",1463.96,49.5062,80.3272,1338.43,1481.57,1578.16,2.63273,0.0186501,1.92684
"x[14,1]",5000,0,0,5000,5000,5000,4000,28.3359,-nan
"x[14,2]",230.236,66.0414,94.4545,148.491,184.407,397.47,2.04556,0.0144907,6.36185
"x[14,3]",1096.17,28.39,58.4855,1018.3,1096.32,1197.09,4.2439,0.0300636,1.33004
"x[15,1]",3020.61,27.6253,1747.17,0,3980.28,4199.27,4000,28.3359,18.2387
"x[15,2]",2120.68,1250.24,1771.43,901.55,1155.16,5189.41,2.00751,0.0142211,16.2876
"x[15,3]",1134.76,0.832679,45.3084,1060.3,1132.55,1216.32,2960.75,20.9739,1.00272
"x[16,1]",2428.89,22.3287,1412.19,0,3159.84,3519.37,4000,28.3359,9.1338
"x[16,2]",2566.76,987.038,1404.8,1454.57,1849.33,4988.67,2.02564,0.0143496,8.41337
"x[16,3]",1203.63,6.7423,46.7965,1120.25,1211.16,1276.37,48.1737,0.341261,1.03386
"x[17,1]",1959.85,18.1678,1149.03,0,2515.41,2955.76,4000,28.3359,6.16192
"x[17,2]",2854.64,793.462,1137.56,1837.1,2316.09,4799.87,2.05542,0.0145605,5.71012
"x[17,3]",1291.4,5.22831,47.5547,1205.72,1298.75,1365.07,82.7304,0.586059,1.02872
"x[18,1]",1032.19,9.98478,631.493,0,1265.46,1747.3,4000,28.3359,3.21472
"x[18,2]",3132.37,471.177,697.008,2333,2876.14,4283.41,2.1883,0.0155019,3.19159
"x[18,3]",1608.59,30.4447,67.3663,1526.86,1604.61,1724.51,4.89623,0.0346847,1.2592
"x[19,1]",547.74,5.64781,357.199,0,636.63,1032.92,4000,28.3359,2.27091
"x[19,2]",2955.75,360.254,541.887,2288.43,2781.07,3836.93,2.26255,0.0160278,2.75323
"x[19,3]",1925.96,82.0443,131.016,1723.97,1957.23,2107.3,2.55006,0.0180645,2.02544
"x[20,1]",292.82,3.26648,206.59,0,320.277,610.614,4000,28.3359,1.82366
"x[20,2]",2624.75,335.797,501.412,2017.52,2454.63,3450.44,2.22965,0.0157947,2.92027
"x[20,3]",2197.23,128.52,195.176,1880.98,2259.85,2437.1,2.30628,0.0163376,2.56605
"x[21,1]",85.5158,1.14404,72.3556,0,81.0595,213.385,4000,28.3359,1.41491
"x[21,2]",1952.94,351.896,513.335,1405.61,1743.83,2825.22,2.12801,0.0150747,3.81591
"x[21,3]",2569.19,185.904,275.857,2111.57,2670.46,2881.15,2.20188,0.015598,3.08106
"x[22,1]",25.6825,0.417039,26.3758,0,20.5155,74.5698,4000,28.3359,1.23835
"x[22,2]",1460.61,359.003,517.832,960.131,1227.13,2353.91,2.08057,0.0147387,4.76259
"x[22,3]",2754.67,202,298.141,2256.86,2869.53,3080.2,2.1784,0.0154317,3.25846
"x[23,1]",2.50939,0.0598013,3.78217,0,1.31413,9.10667,4000,28.3359,1.09602
"x[23,2]",936.384,314.899,450.508,547.337,715.271,1723.62,2.04674,0.014499,6.24045
"x[23,3]",2816.61,177.312,262.607,2377.22,2916.47,3110.12,2.19349,0.0155386,3.14091
"x[24,1]",0.27102,0.00925051,0.585054,0,0.0841771,1.11213,4000,28.3359,1.04505
"x[24,2]",714.07,253.411,361.64,414.041,533.724,1350.31,2.03659,0.0144271,7.08014
"x[24,3]",2709.78,138.493,209.077,2364.2,2779.7,2960.97,2.27907,0.0161449,2.67295
"x[25,1]",0.00411965,0.000260687,0.0164873,0,0.000345387,0.0165863,4000,28.3359,1.01344
"x[25,2]",533.473,171.739,245.091,329.75,411.249,967.312,2.03664,0.0144275,7.10054
"x[25,3]",2390.15,86.0049,142.178,2171.94,2418.27,2598.62,2.73285,0.0193594,1.82844
"x[26,1]",8.31309e-05,8.45056e-06,0.00053446,0,1.41716e-06,0.000247367,4000,28.3359,1.00551
"x[26,2]",443.593,132.778,189.711,281.739,350.42,779.727,2.04143,0.0144614,6.67989
"x[26,3]",2075.73,59.6905,114.101,1916.35,2082.16,2267.66,3.65398,0.0258847,1.42877
"x[27,1]",5000,0,0,5000,5000,5000,4000,28.3359,-nan
"x[27,2]",326.78,95.5193,136.615,208.524,260.637,568.807,2.04556,0.0144907,6.38142
"x[27,3]",1553.32,33.022,92.2534,1438.98,1536.49,1722.48,7.80475,0.0552886,1.14259
"x[28,1]",5000,0,0,5000,5000,5000,4000,28.3359,-nan
"x[28,2]",326.78,95.5193,136.615,208.524,260.637,568.807,2.04556,0.0144907,6.38142
"x[28,3]",1553.32,33.022,92.2534,1438.98,1536.49,1722.48,7.80475,0.0552886,1.14259
"x[29,1]",5000,0,0,5000,5000,5000,4000,28.3359,-nan
"x[29,2]",367.475,108.782,155.614,233.031,292.009,643.033,2.04639,0.0144965,6.33613
"x[29,3]",1744.37,31.3325,112.791,1591.79,1713.44,1953.59,12.9586,0.091798,1.08164
"x[30,1]",5000,0,0,5000,5000,5000,4000,28.3359,-nan
"x[30,2]",367.475,108.782,155.614,233.031,292.009,643.033,2.04639,0.0144965,6.33613
"x[30,3]",1744.37,31.3325,112.791,1591.79,1713.44,1953.59,12.9586,0.091798,1.08164
"x[31,1]",5000,0,0,5000,5000,5000,4000,28.3359,-nan
"x[31,2]",384.666,114.722,164.144,242.19,305.075,675.264,2.04717,0.0145021,6.2901
"x[31,3]",1824.41,28.7326,124.329,1649.61,1791.69,2055.55,18.7239,0.13264,1.05798
"x[32,1]",5000,0,0,5000,5000,5000,4000,28.3359,-nan
"x[32,2]",384.666,114.722,164.144,242.19,305.075,675.264,2.04717,0.0145021,6.2901
"x[32,3]",1824.41,28.7326,124.329,1649.61,1791.69,2055.55,18.7239,0.13264,1.05798
"x[33,1]",5000,0,0,5000,5000,5000,4000,28.3359,-nan
"x[33,2]",391.942,117.373,167.958,246.008,310.802,689.272,2.0477,0.0145058,6.2589
"x[33,3]",1858.02,27.2278,130.406,1671.93,1827.08,2099.99,22.9389,0.162499,1.0477
"x[34,1]",5000,0,0,5000,5000,5000,4000,28.3359,-nan
"x[34,2]",391.942,117.373,167.958,246.008,310.802,689.272,2.0477,0.0145058,6.2589
"x[34,3]",1858.02,27.2278,130.406,1671.93,1827.08,2099.99,22.9389,0.162499,1.0477
"x[35,1]",5000,0,0,5000,5000,5000,4000,28.3359,-nan
"x[35,2]",395.027,118.552,169.657,247.654,312.997,695.392,2.048,0.014508,6.24075
"x[35,3]",1872.17,25.1449,133.471,1680.67,1841.53,2120.03,28.1755,0.199594,1.04296
"x[36,1]",5000,0,0,5000,5000,5000,4000,28.3359,-nan
"x[36,2]",395.027,118.552,169.657,247.654,312.997,695.392,2.048,0.014508,6.24075
"x[36,3]",1872.17,25.1449,133.471,1680.67,1841.53,2120.03,28.1755,0.199594,1.04296
"x[37,1]",5000,0,0,5000,5000,5000,4000,28.3359,-nan
"x[37,2]",396.338,119.074,170.412,248.184,313.891,698.069,2.04817,0.0145092,6.23098
"x[37,3]",1878.13,24.7658,134.972,1683.85,1847.32,2129,29.7017,0.210406,1.04072
"x[38,1]",5000,0,0,5000,5000,5000,4000,28.3359,-nan
"x[38,2]",396.338,119.074,170.412,248.184,313.891,698.069,2.04817,0.0145092,6.23098
"x[38,3]",1878.13,24.7658,134.972,1683.85,1847.32,2129,29.7017,0.210406,1.04072
"x[39,1]",5000,0,0,5000,5000,5000,4000,28.3359,-nan
"x[39,2]",396.896,119.305,170.746,248.418,314.318,699.235,2.04826,0.0145098,6.22597
"x[39,3]",1880.66,20.0761,135.693,1685.17,1850.2,2132.92,45.6834,0.32362,1.03966
"x[40,1]",5000,0,0,5000,5000,5000,4000,28.3359,-nan
"x[40,2]",396.896,119.305,170.746,248.418,314.318,699.235,2.04826,0.0145098,6.22597
"x[40,3]",1880.66,20.0761,135.693,1685.17,1850.2,2132.92,45.6834,0.32362,1.03966
"x[41,1]",5000,0,0,5000,5000,5000,4000,28.3359,-nan
"x[41,2]",397.134,119.407,170.894,248.528,314.493,699.742,2.0483,0.0145101,6.22347
"x[41,3]",1881.73,20.0015,136.035,1685.66,1851.02,2134.59,46.2569,0.327683,1.03916
"x[42,1]",5000,0,0,5000,5000,5000,4000,28.3359,-nan
"x[42,2]",397.134,119.407,170.894,248.528,314.493,699.742,2.0483,0.0145101,6.22347
"x[42,3]",1881.73,20.0015,136.035,1685.66,1851.02,2134.59,46.2569,0.327683,1.03916
"x[43,1]",5000,0,0,5000,5000,5000,4000,28.3359,-nan
"x[43,2]",397.235,119.452,170.959,248.572,314.561,699.963,2.04832,0.0145102,6.22224
"x[43,3]",1882.18,19.9658,136.195,1685.84,1851.36,2135.36,46.532,0.329631,1.03892
"x[44,1]",5000,0,0,5000,5000,5000,4000,28.3359,-nan
"x[44,2]",397.235,119.452,170.959,248.572,314.561,699.963,2.04832,0.0145102,6.22224
"x[44,3]",1882.18,19.9658,136.195,1685.84,1851.36,2135.36,46.532,0.329631,1.03892
"x[45,1]",5000,0,0,5000,5000,5000,4000,28.3359,-nan
"x[45,2]",397.279,119.472,170.988,248.59,314.589,700.059,2.04833,0.0145103,6.22165
"x[45,3]",1882.37,19.9491,136.27,1685.91,1851.6,2135.7,46.6612,0.330546,1.03881
"x[46,1]",5000,0,0,5000,5000,5000,4000,28.3359,-nan
"x[46,2]",397.279,119.472,170.988,248.59,314.589,700.059,2.04833,0.0145103,6.22165
"x[46,3]",1882.37,19.9491,136.27,1685.91,1851.6,2135.7,46.6612,0.330546,1.03881
"x[47,1]",5000,0,0,5000,5000,5000,4000,28.3359,-nan
"x[47,2]",397.298,119.48,171,248.597,314.604,700.101,2.04833,0.0145103,6.22137
"x[47,3]",1882.46,19.9413,136.305,1685.94,1851.68,2135.85,46.7212,0.330972,1.03876
"x[48,1]",5000,0,0,5000,5000,5000,4000,28.3359,-nan
"x[48,2]",397.298,119.48,171,248.597,314.604,700.101,2.04833,0.0145103,6.22137
"x[48,3]",1882.46,19.9413,136.305,1685.94,1851.68,2135.85,46.7212,0.330972,1.03876
"x[49,1]",5000,0,0,5000,5000,5000,4000,28.3359,-nan
"x[49,2]",397.306,119.484,171.006,248.6,314.611,700.119,2.04834,0.0145104,6.22123
"x[49,3]",1882.49,19.9378,136.321,1685.95,1851.71,2135.92,46.7488,0.331167,1.03873
"x[50,1]",5000,0,0,5000,5000,5000,4000,28.3359,-nan
"x[50,2]",397.306,119.484,171.006,248.6,314.611,700.119,2.04834,0.0145104,6.22123
"x[50,3]",1882.49,19.9378,136.321,1685.95,1851.71,2135.92,46.7488,0.331167,1.03873
"x[51,1]",5000,0,0,5000,5000,5000,4000,28.3359,-nan
"x[51,2]",397.309,119.486,171.008,248.602,314.614,700.127,2.04834,0.0145104,6.22117
"x[51,3]",1882.51,19.9362,136.328,1685.95,1851.72,2135.95,46.7613,0.331256,1.03872
"x[52,1]",5000,0,0,5000,5000,5000,4000,28.3359,-nan
"x[52,2]",397.309,119.486,171.008,248.602,314.614,700.127,2.04834,0.0145104,6.22117
"x[52,3]",1882.51,19.9362,136.328,1685.95,1851.72,2135.95,46.7613,0.331256,1.03872
"x[53,1]",3020.61,27.6253,1747.17,0,3980.28,4199.27,4000,28.3359,18.2387
"x[53,2]",2286.76,1303.32,1847.03,1001.25,1284.2,5490.17,2.00838,0.0142273,15.3101
"x[53,3]",1916.37,2.44377,131.402,1700.43,1917.03,2148.95,2891.22,20.4813,1.00081
"x[54,1]",2428.89,22.3287,1412.19,0,3159.84,3519.37,4000,28.3359,9.1338
"x[54,2]",2731.84,1039.87,1480.3,1553.06,1976.05,5287.59,2.02648,0.0143555,8.28007
"x[54,3]",1980.48,3.50295,131.25,1758.25,1989.41,2202.28,1403.88,9.94502,1.00741
"x[55,1]",1959.85,18.1678,1149.03,0,2515.41,2955.76,4000,28.3359,6.16192
"x[55,2]",3018.73,846.006,1212.7,1935.88,2442.57,5097.13,2.05475,0.0145558,5.74686
"x[55,3]",2063.57,2.70563,130.25,1843.48,2073.13,2288.31,2317.5,16.4171,1.0069
"x[56,1]",1032.19,9.98478,631.493,0,1265.46,1747.3,4000,28.3359,3.21472
"x[56,2]",3293.54,522.735,770.029,2431.75,3001.88,4575.74,2.16995,0.0153719,3.34585
"x[56,3]",2366.87,26.9489,133.3,2177.96,2336.52,2622.19,24.4671,0.173324,1.044
"x[57,1]",547.74,5.64781,357.199,0,636.63,1032.92,4000,28.3359,2.27091
"x[57,2]",3114.04,410.896,613.093,2383.91,2905.27,4124.2,2.22632,0.0157712,2.94094
"x[57,3]",2670.59,83.0392,169.84,2447.56,2668.69,2966.76,4.18326,0.0296341,1.3361
"x[58,1]",292.82,3.26648,206.59,0,320.277,610.614,4000,28.3359,1.82366
"x[58,2]",2780.22,385.634,571.777,2112.74,2576.69,3732.75,2.19838,0.0155733,3.12036
"x[58,3]",2928.46,129.253,220.321,2601.26,2963.34,3266.49,2.90557,0.020583,1.70013
"x[59,1]",85.5158,1.14404,72.3556,0,81.0595,213.385,4000,28.3359,1.41491
"x[59,2]",2102.92,400.191,582.195,1495.69,1860.62,3097.89,2.11642,0.0149926,3.9955
"x[59,3]",3274.34,185.713,292.076,2809.28,3351.33,3669.21,2.47348,0.017522,2.14845
"x[60,1]",25.6825,0.417039,26.3758,0,20.5155,74.5698,4000,28.3359,1.23835
"x[60,2]",1605.3,405.75,584.687,1048.19,1339.29,2617.18,2.07649,0.0147098,4.8924
"x[60,3]",3434.67,201.463,313.176,2930.14,3522.86,3845.24,2.4165,0.0171184,2.26125
"x[61,1]",2.50939,0.0598013,3.78217,0,1.31413,9.10667,4000,28.3359,1.09602
"x[61,2]",1071.03,358.633,513.081,624.504,821.359,1969.43,2.04679,0.0144994,6.25348
"x[61,3]",3448.98,176.765,281.777,3003.87,3517.28,3842.11,2.54109,0.018001,2.04232
"x[62,1]",0.27102,0.00925051,0.585054,0,0.0841771,1.11213,4000,28.3359,1.04505
"x[62,2]",839.373,294.308,420.105,488.374,629.371,1579.58,2.03757,0.0144341,7.01035
"x[62,3]",3297.86,137.963,235.148,2945.89,3334.38,3664.36,2.90508,0.0205795,1.70272
"x[63,1]",0.00411965,0.000260687,0.0164873,0,0.000345387,0.0165863,4000,28.3359,1.01344
"x[63,2]",641.998,207.511,296.206,394.201,495.498,1166.62,2.03753,0.0144338,7.04694
"x[63,3]",2898.78,84.1962,180.522,2666.23,2887.93,3218.78,4.597,0.032565,1.29053
"x[64,1]",8.31309e-05,8.45056e-06,0.00053446,0,1.41716e-06,0.000247367,4000,28.3359,1.00551
"x[64,2]",537.591,164.08,234.488,337.847,422.719,953.035,2.04235,0.014468,6.63714
"x[64,3]",2515.67,55.5661,158.191,2322.11,2483.34,2807.54,8.10485,0.0574145,1.13611
"x[65,1]",5.77467e-08,1.09999e-08,6.95693e-07,0,2.38585e-11,5.50209e-08,4000,28.3359,1.00164
"x[65,2]",397.31,119.487,171.009,248.602,314.615,700.131,2.04834,0.0145104,6.22114
"x[65,3]",1882.51,19.9354,136.331,1685.95,1851.72,2135.96,46.767,0.331296,1.03872
"x[66,1]",2.01071e-12,6.49659e-13,4.10881e-11,0,1.64808e-18,1.82518e-13,4000,28.3359,1.00049
"x[66,2]",257.366,79.7364,114.326,156.716,202.34,459.407,2.05577,0.014563,5.80816
"x[66,3]",1216.42,2.14492,111.649,1041.67,1207.61,1422.93,2709.5,19.194,1.00439
# Inference for Stan model: twoCpt_model
# 4 chains: each with iter=(1000,1000,1000,1000); warmup=(1000,1000,1000,1000); thin=(1,1,1,1); 8000 iterations saved.
#
# Warmup took (3.1, 3.0, 3.3, 117) seconds, 2.1 seconds total
# Sampling took (2.8, 2.8, 2.8, 133) seconds, 2.4 seconds total
#
# Samples were drawn using hmc with nuts.
# For each parameter, N_Eff is a crude measure of effective sample size,
# and R_hat is the potential scale reduction factor on split chains (at 
# convergence, R_hat=1).
