name,Mean,MCSE,StdDev,5%,50%,95%,N_Eff,N_Eff/s,R_hat
"lp__",653.281,1.61554,3.03203,649.569,652.307,659.575,3.52235,inf,1.75473
"accept_stat__",0.846935,0.017658,0.169424,0.484678,0.911848,0.9992,92.0594,inf,1.03217
"stepsize__",0.000172813,2.42258e-17,1.71307e-17,0.000172813,0.000172813,0.000172813,0.500029,inf,0.999962
"treedepth__",10,8.9887e-15,1.45664e-12,10,10,10,26261,inf,0.999962
"n_leapfrog__",1023,7.04363e-13,1.14144e-10,1023,1023,1023,26261,inf,0.999962
"divergent__",0,0,0,0,0,0,26261,inf,-nan
"energy__",-650.279,1.60095,3.47198,-656.889,-649.79,-645.226,4.70324,inf,1.49423
"CL",10.9717,0.134742,0.535333,10.1479,10.9325,11.9406,15.785,inf,1.02692
"Q",10.0916,0.944803,1.65758,7.66172,9.55018,12.6595,3.078,inf,2.64168
"V1",40.9608,0.867143,1.66394,38.209,41.1791,43.506,3.68209,inf,1.81787
"V2",100.51,3.67914,6.54374,90.5475,100.511,110.807,3.16344,inf,2.52689
"ka",9.53747e+271,inf,inf,1.60839e+268,2.40716e+269,4.2801e+272,26261,inf,-nan
"sigma",0.32556,0.0149258,0.0431131,0.257151,0.325681,0.392028,8.34343,inf,1.08772
"cHat[1]",0,0,0,0,0,0,26261,inf,-nan
"cHat[2]",117.134,2.15112,4.31596,110.708,116.433,124.528,4.02554,inf,1.6942
"cHat[3]",112.178,1.71552,3.68474,106.538,111.674,118.441,4.61339,inf,1.56237
"cHat[4]",107.512,1.324,3.15116,102.56,107.093,112.815,5.66455,inf,1.4207
"cHat[5]",94.7285,0.595993,2.12996,91.2589,94.7428,97.9421,12.772,inf,1.0458
"cHat[6]",83.6509,0.528476,1.98026,80.3718,83.8385,86.781,14.0408,inf,1.08423
"cHat[7]",74.0457,0.749241,2.28025,70.3422,74.1328,77.7936,9.26235,inf,1.38901
"cHat[8]",58.4762,1.26646,2.86877,53.9177,58.6699,63.1035,5.1311,inf,1.80047
"cHat[9]",46.7236,1.45002,3.04521,42.0076,47.0607,51.5954,4.41046,inf,1.93633
"cHat[10]",31.0641,1.23096,2.59009,27.0159,31.4321,35.1981,4.42733,inf,1.89125
"cHat[11]",21.9554,0.771082,1.80092,19.0401,22.0054,24.9396,5.45493,inf,1.64
"cHat[12]",13.2625,0.185223,0.773359,12.1213,13.1915,14.6098,17.4331,inf,1.00074
"cHat[13]",9.81845,0.367091,0.806203,8.766,9.67225,11.4673,4.82328,inf,1.64964
"cHat[14]",7.14866,0.468746,0.864054,6.07022,7.04543,8.8133,3.39786,inf,2.23503
"cHat[15]",124.248,2.63175,4.86041,117.208,123.369,132.403,3.41079,inf,1.94097
"cHat[16]",119.257,2.19684,4.20376,113.06,118.537,126.36,3.66166,inf,1.82568
"cHat[17]",114.557,1.80254,3.63563,109.108,114.013,120.78,4.06806,inf,1.69458
"cHat[18]",101.673,0.854695,2.41797,97.949,101.45,105.882,8.00352,inf,1.25327
"cHat[19]",90.4986,0.509356,1.95458,87.4013,90.4146,93.6887,14.7252,inf,1.00351
"cHat[20]",80.7993,0.5629,2.03321,77.4946,80.886,84.1124,13.0468,inf,1.09625
"cHat[21]",65.0491,0.884821,2.48878,60.7699,65.2528,69.2548,7.91156,inf,1.41549
"cHat[22]",53.1249,1.05056,2.66045,48.5729,53.3505,57.4556,6.41314,inf,1.53702
"cHat[23]",37.1442,0.871057,2.28864,33.1617,37.3448,40.8701,6.90339,inf,1.45443
"cHat[24]",27.7381,0.515115,1.66087,24.8131,27.8529,30.5184,10.396,inf,1.1936
"cHat[25]",18.505,0.297118,1.14808,16.9795,18.2457,20.6015,14.9308,inf,1.13273
"cHat[26]",14.5784,0.589871,1.28007,12.9607,14.3097,17.1518,4.7093,inf,1.68475
"cHat[27]",11.0797,0.59538,1.19355,9.56562,10.8539,13.4464,4.01877,inf,1.90298
"cHat[28]",11.0797,0.59538,1.19355,9.56562,10.8539,13.4464,4.01877,inf,1.90298
"cHat[29]",13.306,0.569556,1.29381,11.6701,13.0007,15.8687,5.16019,inf,1.61108
"cHat[30]",13.306,0.569556,1.29381,11.6701,13.0007,15.8687,5.16019,inf,1.61108
"cHat[31]",14.5742,0.395737,1.32306,12.9255,14.2667,17.1209,11.1775,inf,1.40679
"cHat[32]",14.5742,0.395737,1.32306,12.9255,14.2667,17.1209,11.1775,inf,1.40679
"cHat[33]",15.3008,0.36221,1.33425,13.6311,14.9984,17.7882,13.5692,inf,1.27697
"cHat[34]",15.3008,0.36221,1.33425,13.6311,14.9984,17.7882,13.5692,inf,1.27697
"cHat[35]",15.7193,0.340571,1.34129,13.9983,15.4332,18.1427,15.5106,inf,1.19806
"cHat[36]",15.7193,0.340571,1.34129,13.9983,15.4332,18.1427,15.5106,inf,1.19806
"cHat[37]",15.9616,0.328011,1.34668,14.2046,15.6812,18.3384,16.8559,inf,1.15077
"cHat[38]",15.9616,0.328011,1.34668,14.2046,15.6812,18.3384,16.8559,inf,1.15077
"cHat[39]",16.1026,0.32084,1.35068,14.3144,15.8358,18.4531,17.7226,inf,1.12235
"cHat[40]",16.1026,0.32084,1.35068,14.3144,15.8358,18.4531,17.7226,inf,1.12235
"cHat[41]",16.185,0.316824,1.35344,14.3644,15.9276,18.5159,18.249,inf,1.10509
"cHat[42]",16.185,0.316824,1.35344,14.3644,15.9276,18.5159,18.249,inf,1.10509
"cHat[43]",16.2334,0.314451,1.35522,14.3909,15.9807,18.5527,18.5743,inf,1.09451
"cHat[44]",16.2334,0.314451,1.35522,14.3909,15.9807,18.5527,18.5743,inf,1.09451
"cHat[45]",16.2619,0.313013,1.35632,14.4057,16.0124,18.572,18.7759,inf,1.08796
"cHat[46]",16.2619,0.313013,1.35632,14.4057,16.0124,18.572,18.7759,inf,1.08796
"cHat[47]",16.2788,0.312127,1.35698,14.4161,16.032,18.5838,18.9011,inf,1.08388
"cHat[48]",16.2788,0.312127,1.35698,14.4161,16.032,18.5838,18.9011,inf,1.08388
"cHat[49]",16.2888,0.311576,1.35737,14.4203,16.0435,18.5892,18.9789,inf,1.08134
"cHat[50]",16.2888,0.311576,1.35737,14.4203,16.0435,18.5892,18.9789,inf,1.08134
"cHat[51]",16.2948,0.311231,1.3576,14.4232,16.0504,18.5934,19.0273,inf,1.07975
"cHat[52]",16.2948,0.311231,1.3576,14.4232,16.0504,18.5934,19.0273,inf,1.07975
"cHat[53]",133.358,2.37977,4.7382,126.529,132.682,141.836,3.96421,inf,1.74616
"cHat[54]",128.332,1.93734,4.15001,122.258,127.892,135.888,4.58865,inf,1.60138
"cHat[55]",123.596,1.51896,3.66383,118.186,123.226,130.306,5.81803,inf,1.45305
"cHat[56]",110.607,0.801056,2.77466,106.312,110.33,115.518,11.9976,inf,1.0853
"cHat[57]",99.328,0.680871,2.62661,94.9784,99.2741,103.565,14.882,inf,1.00819
"cHat[58]",89.5256,0.819274,2.84564,84.5204,89.64,93.9677,12.0643,inf,1.12583
"cHat[59]",73.5729,1.15781,3.33986,67.6005,74.0212,78.8222,8.32108,inf,1.35591
"cHat[60]",61.451,1.32064,3.51088,55.1862,61.9786,66.9312,7.06749,inf,1.44499
"cHat[61]",45.0889,1.15489,3.15584,39.3491,45.5814,50.0281,7.46701,inf,1.39318
"cHat[62]",35.3191,0.801125,2.53769,30.6721,35.7197,39.3449,10.0341,inf,1.22379
"cHat[63]",25.4087,0.408572,1.78073,22.5067,25.3466,28.3383,18.9958,inf,1.00146
"cHat[64]",20.8663,0.362668,1.58664,18.6503,20.5767,23.5897,19.1397,inf,1.06145
"cHat[65]",16.2984,0.311016,1.35773,14.4249,16.0545,18.5963,19.0573,inf,1.07876
"cHat[66]",12.1489,0.246205,1.09541,10.3491,12.0927,13.9257,19.7951,inf,1.00196
"cHatObs[1]",117.134,2.15112,4.31596,110.708,116.433,124.528,4.02554,inf,1.6942
"cHatObs[2]",112.178,1.71552,3.68474,106.538,111.674,118.441,4.61339,inf,1.56237
"cHatObs[3]",107.512,1.324,3.15116,102.56,107.093,112.815,5.66455,inf,1.4207
"cHatObs[4]",94.7285,0.595993,2.12996,91.2589,94.7428,97.9421,12.772,inf,1.0458
"cHatObs[5]",83.6509,0.528476,1.98026,80.3718,83.8385,86.781,14.0408,inf,1.08423
"cHatObs[6]",74.0457,0.749241,2.28025,70.3422,74.1328,77.7936,9.26235,inf,1.38901
"cHatObs[7]",58.4762,1.26646,2.86877,53.9177,58.6699,63.1035,5.1311,inf,1.80047
"cHatObs[8]",46.7236,1.45002,3.04521,42.0076,47.0607,51.5954,4.41046,inf,1.93633
"cHatObs[9]",31.0641,1.23096,2.59009,27.0159,31.4321,35.1981,4.42733,inf,1.89125
"cHatObs[10]",21.9554,0.771082,1.80092,19.0401,22.0054,24.9396,5.45493,inf,1.64
"cHatObs[11]",13.2625,0.185223,0.773359,12.1213,13.1915,14.6098,17.4331,inf,1.00074
"cHatObs[12]",9.81845,0.367091,0.806203,8.766,9.67225,11.4673,4.82328,inf,1.64964
"cHatObs[13]",124.248,2.63175,4.86041,117.208,123.369,132.403,3.41079,inf,1.94097
"cHatObs[14]",119.257,2.19684,4.20376,113.06,118.537,126.36,3.66166,inf,1.82568
"cHatObs[15]",114.557,1.80254,3.63563,109.108,114.013,120.78,4.06806,inf,1.69458
"cHatObs[16]",101.673,0.854695,2.41797,97.949,101.45,105.882,8.00352,inf,1.25327
"cHatObs[17]",90.4986,0.509356,1.95458,87.4013,90.4146,93.6887,14.7252,inf,1.00351
"cHatObs[18]",80.7993,0.5629,2.03321,77.4946,80.886,84.1124,13.0468,inf,1.09625
"cHatObs[19]",65.0491,0.884821,2.48878,60.7699,65.2528,69.2548,7.91156,inf,1.41549
"cHatObs[20]",53.1249,1.05056,2.66045,48.5729,53.3505,57.4556,6.41314,inf,1.53702
"cHatObs[21]",37.1442,0.871057,2.28864,33.1617,37.3448,40.8701,6.90339,inf,1.45443
"cHatObs[22]",27.7381,0.515115,1.66087,24.8131,27.8529,30.5184,10.396,inf,1.1936
"cHatObs[23]",18.505,0.297118,1.14808,16.9795,18.2457,20.6015,14.9308,inf,1.13273
"cHatObs[24]",14.5784,0.589871,1.28007,12.9607,14.3097,17.1518,4.7093,inf,1.68475
"cHatObs[25]",11.0797,0.59538,1.19355,9.56562,10.8539,13.4464,4.01877,inf,1.90298
"cHatObs[26]",13.306,0.569556,1.29381,11.6701,13.0007,15.8687,5.16019,inf,1.61108
"cHatObs[27]",14.5742,0.395737,1.32306,12.9255,14.2667,17.1209,11.1775,inf,1.40679
"cHatObs[28]",15.3008,0.36221,1.33425,13.6311,14.9984,17.7882,13.5692,inf,1.27697
"cHatObs[29]",15.7193,0.340571,1.34129,13.9983,15.4332,18.1427,15.5106,inf,1.19806
"cHatObs[30]",15.9616,0.328011,1.34668,14.2046,15.6812,18.3384,16.8559,inf,1.15077
"cHatObs[31]",16.1026,0.32084,1.35068,14.3144,15.8358,18.4531,17.7226,inf,1.12235
"cHatObs[32]",16.185,0.316824,1.35344,14.3644,15.9276,18.5159,18.249,inf,1.10509
"cHatObs[33]",16.2334,0.314451,1.35522,14.3909,15.9807,18.5527,18.5743,inf,1.09451
"cHatObs[34]",16.2619,0.313013,1.35632,14.4057,16.0124,18.572,18.7759,inf,1.08796
"cHatObs[35]",16.2788,0.312127,1.35698,14.4161,16.032,18.5838,18.9011,inf,1.08388
"cHatObs[36]",16.2888,0.311576,1.35737,14.4203,16.0435,18.5892,18.9789,inf,1.08134
"cHatObs[37]",16.2948,0.311231,1.3576,14.4232,16.0504,18.5934,19.0273,inf,1.07975
"cHatObs[38]",133.358,2.37977,4.7382,126.529,132.682,141.836,3.96421,inf,1.74616
"cHatObs[39]",128.332,1.93734,4.15001,122.258,127.892,135.888,4.58865,inf,1.60138
"cHatObs[40]",123.596,1.51896,3.66383,118.186,123.226,130.306,5.81803,inf,1.45305
"cHatObs[41]",110.607,0.801056,2.77466,106.312,110.33,115.518,11.9976,inf,1.0853
"cHatObs[42]",99.328,0.680871,2.62661,94.9784,99.2741,103.565,14.882,inf,1.00819
"cHatObs[43]",89.5256,0.819274,2.84564,84.5204,89.64,93.9677,12.0643,inf,1.12583
"cHatObs[44]",73.5729,1.15781,3.33986,67.6005,74.0212,78.8222,8.32108,inf,1.35591
"cHatObs[45]",61.451,1.32064,3.51088,55.1862,61.9786,66.9312,7.06749,inf,1.44499
"cHatObs[46]",45.0889,1.15489,3.15584,39.3491,45.5814,50.0281,7.46701,inf,1.39318
"cHatObs[47]",35.3191,0.801125,2.53769,30.6721,35.7197,39.3449,10.0341,inf,1.22379
"cHatObs[48]",25.4087,0.408572,1.78073,22.5067,25.3466,28.3383,18.9958,inf,1.00146
"cHatObs[49]",20.8663,0.362668,1.58664,18.6503,20.5767,23.5897,19.1397,inf,1.06145
"cHatObs[50]",16.2984,0.311016,1.35773,14.4249,16.0545,18.5963,19.0573,inf,1.07876
"cHatObs[51]",12.1489,0.246205,1.09541,10.3491,12.0927,13.9257,19.7951,inf,1.00196
"x[1,1]",5000,3.63126e-12,5.88454e-10,5000,5000,5000,26261,inf,0.999962
"x[1,2]",0,0,0,0,0,0,26261,inf,-nan
"x[1,3]",0,0,0,0,0,0,26261,inf,-nan
"x[2,1]",0,0,0,0,0,0,26261,inf,-nan
"x[2,2]",4790.74,14.0776,24.5997,4753.28,4799.98,4823.41,3.05351,inf,2.46953
"x[2,3]",100.241,11.4071,19.2615,73.8133,92.9523,129.034,2.85123,inf,2.7901
"x[3,1]",0,0,0,0,0,0,26261,inf,-nan
"x[3,2]",4588.87,26.8918,47.0351,4517.28,4606.38,4651.51,3.05918,inf,2.46601
"x[3,3]",196.442,21.9494,37.0775,145.392,182.569,251.927,2.85349,inf,2.79106
"x[4,1]",0,0,0,0,0,0,26261,inf,-nan
"x[4,2]",4398.73,38.2411,66.9492,4296.93,4423.46,4488.14,3.065,inf,2.4623
"x[4,3]",286.565,31.443,53.1363,213.143,266.936,366.113,2.85584,inf,2.79179
"x[5,1]",0,0,0,0,0,0,26261,inf,-nan
"x[5,2]",3877.66,65.485,115.001,3703.01,3918.99,4032.56,3.08402,inf,2.44968
"x[5,3]",530.741,55.1039,93.2499,400.681,497.606,670.239,2.86373,inf,2.79246
"x[6,1]",0,0,0,0,0,0,26261,inf,-nan
"x[6,2]",3425.82,84.0361,148.092,3201.19,3477.3,3627.13,3.10548,inf,2.43475
"x[6,3]",738.42,72.4841,122.858,565.405,696.609,922.197,2.87292,inf,2.79063
"x[7,1]",0,0,0,0,0,0,26261,inf,-nan
"x[7,2]",3033.78,95.7722,169.433,2776.66,3090.7,3266.24,3.12979,inf,2.41729
"x[7,3]",914.665,84.8192,144.033,709.804,868.015,1130.89,2.8836,inf,2.78596
"x[8,1]",0,0,0,0,0,0,26261,inf,-nan
"x[8,2]",2397.72,104.61,186.808,2113.54,2455.23,2659.66,3.18893,inf,2.3738
"x[8,3]",1189.67,98.2313,167.579,946.609,1141.48,1442.2,2.91032,inf,2.76667
"x[9,1]",0,0,0,0,0,0,26261,inf,-nan
"x[9,2]",1916.99,101.012,182.576,1637.11,1967.59,2178.11,3.26693,inf,2.31699
"x[9,3]",1383.84,101.444,174.123,1126.55,1340.78,1647.02,2.94619,inf,2.73156
"x[10,1]",0,0,0,0,0,0,26261,inf,-nan
"x[10,2]",1275.36,77.5698,145.575,1044.25,1303.17,1493.36,3.52201,inf,2.15244
"x[10,3]",1607.51,92.0984,161.109,1361.46,1583.11,1855.21,3.06011,inf,2.60206
"x[11,1]",0,0,0,0,0,0,26261,inf,-nan
"x[11,2]",901.325,50.3459,101.395,731.657,909.535,1062.88,4.05602,inf,1.90004
"x[11,3]",1695.89,75.016,135.752,1483.98,1691.02,1914.8,3.27482,inf,2.38248
"x[12,1]",0,0,0,0,0,0,26261,inf,-nan
"x[12,2]",543.537,12.9031,42.1841,467.203,544.855,614.681,10.6882,inf,1.17655
"x[12,3]",1683.83,41.8797,89.8348,1539.09,1681.82,1842.72,4.60132,inf,1.75407
"x[13,1]",0,0,0,0,0,0,26261,inf,-nan
"x[13,2]",401.596,7.37847,29.5325,357.626,398.01,454.348,16.0202,inf,1.13518
"x[13,3]",1578.27,16.1843,65.0201,1479.48,1573.93,1692.04,16.1401,inf,1.20996
"x[14,1]",5000,3.63126e-12,5.88454e-10,5000,5000,5000,26261,inf,0.999962
"x[14,2]",291.945,12.7693,29.4563,253.494,284.714,348.993,5.32133,inf,1.66053
"x[14,3]",1325.8,14.6351,59.1905,1223.07,1328.41,1419.31,16.3573,inf,1.0585
"x[15,1]",0,0,0,0,0,0,26261,inf,-nan
"x[15,2]",5081.26,6.49779,26.8825,5032.29,5082.51,5122.19,17.1163,inf,1.00077
"x[15,3]",1420.98,12.8615,58.3838,1328.89,1419.81,1516.98,20.6063,inf,1.00138
"x[16,1]",0,0,0,0,0,0,26261,inf,-nan
"x[16,2]",4877.97,14.2782,40.6495,4795.44,4883.59,4936.53,8.10519,inf,1.27442
"x[16,3]",1512.08,14.4997,62.8362,1419.51,1509.32,1615.9,18.7803,inf,1.07821
"x[17,1]",0,0,0,0,0,0,26261,inf,-nan
"x[17,2]",4686.44,25.3842,57.6898,4573.71,4694.78,4768.51,5.16499,inf,1.53757
"x[17,3]",1597.17,18.2058,70.3487,1489.26,1595.01,1718.33,14.9311,inf,1.21322
"x[18,1]",0,0,0,0,0,0,26261,inf,-nan
"x[18,2]",4161.27,52.6889,103.349,3977.13,4184.31,4308.71,3.84746,inf,1.88884
"x[18,3]",1826.28,42.5287,97.7544,1671.25,1821.88,1997.15,5.28333,inf,1.58679
"x[19,1]",0,0,0,0,0,0,26261,inf,-nan
"x[19,2]",3705.47,71.4295,136.008,3471.34,3737.8,3899.43,3.62554,inf,2.00401
"x[19,3]",2019.04,58.8416,121.86,1828.14,2014.65,2230.32,4.28899,inf,1.79758
"x[20,1]",0,0,0,0,0,0,26261,inf,-nan
"x[20,2]",3309.59,83.3749,157.403,3042.67,3347.98,3534.79,3.56416,inf,2.047
"x[20,3]",2180.5,70.1449,139.933,1962.67,2173.19,2420.44,3.97967,inf,1.90259
"x[21,1]",0,0,0,0,0,0,26261,inf,-nan
"x[21,2]",2666.15,92.6622,175.456,2370.86,2705.98,2920.56,3.58535,inf,2.05045
"x[21,3]",2426.39,81.5403,160.161,2177.58,2417.72,2699.88,3.85804,inf,1.95768
"x[22,1]",0,0,0,0,0,0,26261,inf,-nan
"x[22,2]",2178.42,89.552,172.307,1885.83,2211.63,2433.79,3.70216,inf,2.00091
"x[22,3]",2592.02,82.8267,165.314,2332.99,2585.28,2874.35,3.98364,inf,1.91218
"x[23,1]",0,0,0,0,0,0,26261,inf,-nan
"x[23,2]",1523.69,67.4426,138.351,1279.97,1540.21,1738.32,4.20817,inf,1.80694
"x[23,3]",2760.46,69.8801,153.171,2515.8,2756.46,3028.54,4.8045,inf,1.68768
"x[24,1]",0,0,0,0,0,0,26261,inf,-nan
"x[24,2]",1137.54,41.6701,98.4943,955.101,1142.8,1294.75,5.58692,inf,1.5185
"x[24,3]",2796.01,49.6903,133.07,2583.81,2790.02,3030.46,7.17164,inf,1.40546
"x[25,1]",0,0,0,0,0,0,26261,inf,-nan
"x[25,2]",757.75,12.8044,52.3297,667.702,760.539,836.971,16.7025,inf,1.01264
"x[25,3]",2685.34,24.2228,109.457,2520.16,2680.09,2866.82,20.4192,inf,1.03009
"x[26,1]",0,0,0,0,0,0,26261,inf,-nan
"x[26,2]",596.158,11.5355,45.8716,531.769,588.256,679.901,15.813,inf,1.17897
"x[26,3]",2490.02,27.0366,111.111,2301.46,2493.3,2666.9,16.8891,inf,1.04402
"x[27,1]",5000,3.63126e-12,5.88454e-10,5000,5000,5000,26261,inf,0.999962
"x[27,2]",452.74,11.6931,41.1991,399.4,440.553,530.922,12.414,inf,1.39359
"x[27,3]",2081.71,51.3541,132.086,1839.84,2099.22,2269.95,6.6155,inf,1.37309
"x[28,1]",5000,3.63126e-12,5.88454e-10,5000,5000,5000,26261,inf,0.999962
"x[28,2]",452.74,11.6931,41.1991,399.4,440.553,530.922,12.414,inf,1.39359
"x[28,3]",2081.71,51.3541,132.086,1839.84,2099.22,2269.95,6.6155,inf,1.37309
"x[29,1]",5000,3.63126e-12,5.88454e-10,5000,5000,5000,26261,inf,0.999962
"x[29,2]",543.996,11.1331,46.054,483.304,533.526,627.804,17.1122,inf,1.19044
"x[29,3]",2514.05,91.7359,203.862,2149.44,2546.27,2810.48,4.93849,inf,1.59786
"x[30,1]",5000,3.63126e-12,5.88454e-10,5000,5000,5000,26261,inf,0.999962
"x[30,2]",543.996,11.1331,46.054,483.304,533.526,627.804,17.1122,inf,1.19044
"x[30,3]",2514.05,91.7359,203.862,2149.44,2546.27,2810.48,4.93849,inf,1.59786
"x[31,1]",5000,3.63126e-12,5.88454e-10,5000,5000,5000,26261,inf,0.999962
"x[31,2]",596.089,10.7412,48.9897,528.769,589.386,681.911,20.8019,inf,1.07779
"x[31,3]",2762.71,124.889,262.187,2305.66,2812.62,3147.82,4.40731,inf,1.73583
"x[32,1]",5000,3.63126e-12,5.88454e-10,5000,5000,5000,26261,inf,0.999962
"x[32,2]",596.089,10.7412,48.9897,528.769,589.386,681.911,20.8019,inf,1.07779
"x[32,3]",2762.71,124.889,262.187,2305.66,2812.62,3147.82,4.40731,inf,1.73583
"x[33,1]",5000,3.63126e-12,5.88454e-10,5000,5000,5000,26261,inf,0.999962
"x[33,2]",625.993,10.803,51.2429,548.947,622.536,711.643,22.4998,inf,1.02617
"x[33,3]",2906.49,149.509,305.342,2385.01,2966.2,3358.4,4.17099,inf,1.82146
"x[34,1]",5000,3.63126e-12,5.88454e-10,5000,5000,5000,26261,inf,0.999962
"x[34,2]",625.993,10.803,51.2429,548.947,622.536,711.643,22.4998,inf,1.02617
"x[34,3]",2906.49,149.509,305.342,2385.01,2966.2,3358.4,4.17099,inf,1.82146
"x[35,1]",5000,3.63126e-12,5.88454e-10,5000,5000,5000,26261,inf,0.999962
"x[35,2]",643.251,11.1183,52.9965,559.075,641.45,729.206,22.7203,inf,1.00635
"x[35,3]",2990.04,166.801,335.62,2424.76,3053.07,3493.6,4.04851,inf,1.8755
"x[36,1]",5000,3.63126e-12,5.88454e-10,5000,5000,5000,26261,inf,0.999962
"x[36,2]",643.251,11.1183,52.9965,559.075,641.45,729.206,22.7203,inf,1.00635
"x[36,3]",2990.04,166.801,335.62,2424.76,3053.07,3493.6,4.04851,inf,1.8755
"x[37,1]",5000,3.63126e-12,5.88454e-10,5000,5000,5000,26261,inf,0.999962
"x[37,2]",653.261,11.4789,54.2899,564.255,652.615,740.186,22.3686,inf,1.00056
"x[37,3]",3038.82,178.528,356.16,2444.97,3103.56,3579.37,3.97995,inf,1.90993
"x[38,1]",5000,3.63126e-12,5.88454e-10,5000,5000,5000,26261,inf,0.999962
"x[38,2]",653.261,11.4789,54.2899,564.255,652.615,740.186,22.3686,inf,1.00056
"x[38,3]",3038.82,178.528,356.16,2444.97,3103.56,3579.37,3.97995,inf,1.90993
"x[39,1]",5000,3.63126e-12,5.88454e-10,5000,5000,5000,26261,inf,0.999962
"x[39,2]",659.095,11.7863,55.1948,566.865,659.216,746.241,21.93,inf,1.00012
"x[39,3]",3067.43,186.293,369.781,2455.15,3133.96,3631.71,3.94001,inf,1.93194
"x[40,1]",5000,3.63126e-12,5.88454e-10,5000,5000,5000,26261,inf,0.999962
"x[40,2]",659.095,11.7863,55.1948,566.865,659.216,746.241,21.93,inf,1.00012
"x[40,3]",3067.43,186.293,369.781,2455.15,3133.96,3631.71,3.94001,inf,1.93194
"x[41,1]",5000,3.63126e-12,5.88454e-10,5000,5000,5000,26261,inf,0.999962
"x[41,2]",662.511,12.0165,55.8029,568.263,662.99,749.993,21.5656,inf,1.00129
"x[41,3]",3084.28,191.348,378.669,2460.29,3151.55,3664.38,3.91627,inf,1.94598
"x[42,1]",5000,3.63126e-12,5.88454e-10,5000,5000,5000,26261,inf,0.999962
"x[42,2]",662.511,12.0165,55.8029,568.263,662.99,749.993,21.5656,inf,1.00129
"x[42,3]",3084.28,191.348,378.669,2460.29,3151.55,3664.38,3.91627,inf,1.94598
"x[43,1]",5000,3.63126e-12,5.88454e-10,5000,5000,5000,26261,inf,0.999962
"x[43,2]",664.519,12.1769,56.2002,568.894,665.278,752.264,21.3013,inf,1.00267
"x[43,3]",3094.25,194.597,384.4,2462.72,3161.97,3684.63,3.90206,inf,1.95491
"x[44,1]",5000,3.63126e-12,5.88454e-10,5000,5000,5000,26261,inf,0.999962
"x[44,2]",664.519,12.1769,56.2002,568.894,665.278,752.264,21.3013,inf,1.00267
"x[44,3]",3094.25,194.597,384.4,2462.72,3161.97,3684.63,3.90206,inf,1.95491
"x[45,1]",5000,3.63126e-12,5.88454e-10,5000,5000,5000,26261,inf,0.999962
"x[45,2]",665.705,12.284,56.4547,569.251,666.611,753.55,21.1213,inf,1.00382
"x[45,3]",3100.16,196.666,388.063,2463.94,3167.91,3697.87,3.89354,inf,1.96056
"x[46,1]",5000,3.63126e-12,5.88454e-10,5000,5000,5000,26261,inf,0.999962
"x[46,2]",665.705,12.284,56.4547,569.251,666.611,753.55,21.1213,inf,1.00382
"x[46,3]",3100.16,196.666,388.063,2463.94,3167.91,3697.87,3.89354,inf,1.96056
"x[47,1]",5000,3.63126e-12,5.88454e-10,5000,5000,5000,26261,inf,0.999962
"x[47,2]",666.407,12.3537,56.6155,569.463,667.394,754.426,21.0028,inf,1.00466
"x[47,3]",3103.68,197.974,390.389,2464.58,3171.09,3706.54,3.88845,inf,1.9641
"x[48,1]",5000,3.63126e-12,5.88454e-10,5000,5000,5000,26261,inf,0.999962
"x[48,2]",666.407,12.3537,56.6155,569.463,667.394,754.426,21.0028,inf,1.00466
"x[48,3]",3103.68,197.974,390.389,2464.58,3171.09,3706.54,3.88845,inf,1.9641
"x[49,1]",5000,3.63126e-12,5.88454e-10,5000,5000,5000,26261,inf,0.999962
"x[49,2]",666.825,12.3982,56.7161,569.547,667.842,754.897,20.9265,inf,1.00523
"x[49,3]",3105.78,198.796,391.858,2464.87,3173.19,3711.78,3.88544,inf,1.96632
"x[50,1]",5000,3.63126e-12,5.88454e-10,5000,5000,5000,26261,inf,0.999962
"x[50,2]",666.825,12.3982,56.7161,569.547,667.842,754.897,20.9265,inf,1.00523
"x[50,3]",3105.78,198.796,391.858,2464.87,3173.19,3711.78,3.88544,inf,1.96632
"x[51,1]",5000,3.63126e-12,5.88454e-10,5000,5000,5000,26261,inf,0.999962
"x[51,2]",667.074,12.4263,56.7788,569.586,668.089,755.14,20.878,inf,1.00561
"x[51,3]",3107.04,199.311,392.782,2465.04,3174.28,3715.24,3.88367,inf,1.9677
"x[52,1]",5000,3.63126e-12,5.88454e-10,5000,5000,5000,26261,inf,0.999962
"x[52,2]",667.074,12.4263,56.7788,569.586,668.089,755.14,20.878,inf,1.00561
"x[52,3]",3107.04,199.311,392.782,2465.04,3174.28,3715.24,3.88367,inf,1.9677
"x[53,1]",0,0,0,0,0,0,26261,inf,-nan
"x[53,2]",5454.94,19.9592,69.2353,5321.11,5462.94,5553.81,12.0329,inf,1.14306
"x[53,3]",3195.4,188.337,377.66,2573.12,3257.46,3783.86,4.02098,inf,1.90864
"x[54,1]",0,0,0,0,0,0,26261,inf,-nan
"x[54,2]",5250.18,31.4297,85.3999,5083.84,5263.55,5372.85,7.38303,inf,1.31901
"x[54,3]",3279.62,178.238,364.056,2675.27,3338.83,3851.13,4.1719,inf,1.85132
"x[55,1]",0,0,0,0,0,0,26261,inf,-nan
"x[55,2]",5057.2,42.7968,101.823,4861.52,5077.3,5203.77,5.66073,inf,1.46298
"x[55,3]",3357.95,169.195,352.153,2771.04,3411.13,3911.87,4.33199,inf,1.79757
"x[56,1]",0,0,0,0,0,0,26261,inf,-nan
"x[56,2]",4527.72,70.1139,145.348,4261.03,4559.69,4735.47,4.29745,inf,1.72181
"x[56,3]",3566.86,146.924,324.242,3021.38,3599.96,4079.23,4.87024,inf,1.65601
"x[57,1]",0,0,0,0,0,0,26261,inf,-nan
"x[57,2]",4067.65,88.8592,176.991,3750.99,4111.22,4319.51,3.96734,inf,1.83901
"x[57,3]",3739.64,130.877,305.818,3220.95,3757.73,4229.19,5.4601,inf,1.54683
"x[58,1]",0,0,0,0,0,0,26261,inf,-nan
"x[58,2]",3667.56,100.876,197.927,3318.42,3715.85,3950.7,3.84978,inf,1.89358
"x[58,3]",3881.37,119.758,294.264,3380.31,3896.07,4352.15,6.03767,inf,1.46777
"x[59,1]",0,0,0,0,0,0,26261,inf,-nan
"x[59,2]",3015.85,110.368,215.764,2638.91,3065.73,3327.62,3.8218,inf,1.91785
"x[59,3]",4088.46,108.174,284.348,3601.73,4100.64,4539.38,6.90965,inf,1.37985
"x[60,1]",0,0,0,0,0,0,26261,inf,-nan
"x[60,2]",2520.04,107.518,212.8,2147.59,2565.65,2832.17,3.91723,inf,1.88604
"x[60,3]",4216.21,105.921,284.465,3728.59,4228.46,4665.12,7.21257,inf,1.35375
"x[61,1]",0,0,0,0,0,0,26261,inf,-nan
"x[61,2]",1849.71,85.8425,179.565,1527.3,1878.77,2121.45,4.3756,inf,1.73796
"x[61,3]",4311.48,115.473,297.864,3798.52,4328.12,4779.75,6.65391,inf,1.39291
"x[62,1]",0,0,0,0,0,0,26261,inf,-nan
"x[62,2]",1448.69,60.3231,140.097,1189.05,1467.17,1664.62,5.39372,inf,1.53134
"x[62,3]",4277.21,131.75,317.383,3729.92,4298.14,4774.49,5.8032,inf,1.47906
"x[63,1]",0,0,0,0,0,0,26261,inf,-nan
"x[63,2]",1041.2,25.9258,88.3776,874.112,1049.58,1176.46,11.6204,inf,1.15502
"x[63,3]",4036.35,162.043,353.509,3431.37,4080.16,4583.19,4.75927,inf,1.65662
"x[64,1]",0,0,0,0,0,0,26261,inf,-nan
"x[64,2]",854.41,15.9297,69.2016,732.914,857.732,960.14,18.8719,inf,1.01831
"x[64,3]",3722.47,181.96,376.757,3086.76,3782.67,4303.86,4.2872,inf,1.79205
"x[65,1]",0,0,0,0,0,0,26261,inf,-nan
"x[65,2]",667.223,12.4439,56.8177,569.6,668.269,755.289,20.8475,inf,1.00586
"x[65,3]",3107.79,199.631,393.361,2465.13,3174.9,3717.42,3.88264,inf,1.96855
"x[66,1]",0,0,0,0,0,0,26261,inf,-nan
"x[66,2]",497.775,13.5313,49.8857,404.539,502.906,570.081,13.5917,inf,1.11722
"x[66,3]",2353.11,200.745,382.597,1749.02,2421.02,2949.59,3.63239,inf,2.13044
# Inference for Stan model: twoCpt_model
# 1 chains: each with iter=(26261); warmup=(1000); thin=(1); 27261 iterations saved.
#
# Warmup took (0.00) seconds, 0.00 seconds total
# Sampling took (0.00) seconds, 0.00 seconds total
#
# Samples were drawn using hmc with nuts.
# For each parameter, N_Eff is a crude measure of effective sample size,
# and R_hat is the potential scale reduction factor on split chains (at 
# convergence, R_hat=1).
