name,Mean,MCSE,StdDev,5%,50%,95%,N_Eff,N_Eff/s,R_hat
"lp__",-1899.82,0.33307,11.1755,-1918.54,-1899.73,-1882.04,1125.81,0.495733,1.00162
"accept_stat__",0.899194,0.00306878,0.139353,0.634279,0.947538,0.996726,2062.08,0.908003,1.00655
"stepsize__",0.0609146,0.00189696,0.00268337,0.0580148,0.0608887,0.0652152,2.001,0.000881108,2.70388e+13
"treedepth__",5.9975,0.00122426,0.077429,6,6,6,4000,1.76134,1.00088
"n_leapfrog__",62.9493,0.0237631,1.50291,63,63,63,4000,1.76134,1.00101
"divergent__",0.001,0.000499812,0.0316109,0,0,0,4000,1.76134,1.00129
"energy__",1983.34,0.451916,14.5803,1959.73,1983.2,2007.29,1040.92,0.458354,1.00106
"b",0.0235963,0.00637135,0.2856,-0.460688,0.0300097,0.482042,2009.34,0.884778,1.00066
"v_age_sigma",0.223313,0.00345054,0.147853,0.0658269,0.186953,0.49711,1836.06,0.80848,1.00085
"v_age_g[1]",-0.995371,0.0155061,0.702465,-2.1756,-0.972834,0.109323,2052.32,0.903705,0.999554
"v_age_g[2]",0.207177,0.0119395,0.580213,-0.754024,0.206513,1.17104,2361.6,1.03989,1.00205
"v_age_sigma_g[1]",1.00823,0.0364402,1.53849,0.0538838,0.561133,3.50275,1782.5,0.784894,1.00087
"v_age_sigma_g[2]",1.07541,0.0201073,1.0253,0.127745,0.819224,2.77218,2600.12,1.14492,1.00051
"v_age[1]",1.01486,0.0150758,0.768407,-0.237261,1.01869,2.32147,2597.88,1.14394,1.0012
"v_age[2]",-0.741327,0.0136517,0.86341,-2.09656,-0.765766,0.748433,4000,1.76134,1.00067
"v_age[3]",-0.0664815,0.0130905,0.827916,-1.34932,-0.101853,1.36284,4000,1.76134,1.00085
"v_age[4]",0.0114921,0.0127465,0.806157,-1.31427,-0.00979231,1.36814,4000,1.76134,1.00119
"v_age[5]",-0.307491,0.0137859,0.713401,-1.48539,-0.278329,0.816436,2677.91,1.17917,1.00073
"v_age[6]",0.133903,0.011979,0.75762,-1.13384,0.156187,1.3659,4000,1.76134,1.00055
"v_age[7]",-0.605798,0.0131867,0.834002,-1.94249,-0.617342,0.769642,4000,1.76134,1.00116
"v_gender_sigma",0.263829,0.00375361,0.183321,0.0574354,0.226788,0.58583,2385.2,1.05028,1.00122
"v_gender_g[1]",0.876508,0.0143232,0.682846,-0.264436,0.856242,2.0126,2272.81,1.00079,1.00119
"v_gender_g[2]",-0.775839,0.0134384,0.678407,-1.88381,-0.767266,0.31161,2548.5,1.12219,1.00029
"v_gender_sigma_g[1]",0.792545,0.024121,1.14062,0.0397823,0.456159,2.619,2236.09,0.984627,0.999475
"v_gender_sigma_g[2]",0.824551,0.0299301,1.22043,0.0478979,0.517953,2.4695,1662.68,0.732135,1.00418
"v_gender[1]",-0.401537,0.0145911,0.922819,-1.86432,-0.438745,1.19008,4000,1.76134,0.999238
"v_gender[2]",0.308476,0.0144139,0.911613,-1.20419,0.32087,1.77098,4000,1.76134,0.999327
"v_gender[3]",0.156221,0.0140732,0.890069,-1.35127,0.1787,1.60066,4000,1.76134,0.999684
"v_gender[4]",0.0976617,0.0143912,0.910178,-1.37833,0.1039,1.57904,4000,1.76134,1.00021
"v_gender[5]",0.191397,0.014421,0.912062,-1.33338,0.196571,1.70573,4000,1.76134,0.999617
"v_gender[6]",-0.228947,0.0146971,0.929524,-1.72415,-0.244799,1.35814,4000,1.76134,0.999923
"v_gender[7]",-0.142801,0.0147153,0.93068,-1.67534,-0.165227,1.42297,4000,1.76134,0.99937
"v_parent_sigma",0.417289,0.00679854,0.288091,0.125802,0.353401,0.913768,1795.68,0.790697,1.00143
"v_parent_g[1]",0.569124,0.0148333,0.780393,-0.72932,0.584554,1.82615,2767.92,1.21881,0.999591
"v_parent_g[2]",0.731996,0.0113745,0.604792,-0.174969,0.692535,1.76957,2827.12,1.24488,1.0007
"v_parent_sigma_g[1]",2.33907,0.0633897,2.59829,0.495531,1.66201,6.28456,1680.11,0.739807,1.00226
"v_parent_sigma_g[2]",0.784785,0.0213115,0.965971,0.0484074,0.538093,2.22399,2054.47,0.904654,1.00358
"v_parent[1]",-0.370255,0.0137579,0.870124,-1.75088,-0.362593,1.04701,4000,1.76134,1.00071
"v_parent[2]",-0.736846,0.0120602,0.644013,-1.87918,-0.668913,0.185521,2851.56,1.25564,1.00142
"v_parent[3]",0.634306,0.011717,0.583568,-0.320102,0.622382,1.60504,2480.55,1.09227,1.00009
"v_parent[4]",1.11636,0.0117881,0.630366,0.134281,1.08583,2.19183,2859.53,1.25915,0.999883
"v_parent[5]",0.43996,0.0134444,0.850301,-1.03057,0.455195,1.81231,4000,1.76134,1.00101
"v_parent[6]",-0.126315,0.0134525,0.850813,-1.4829,-0.123458,1.2764,4000,1.76134,1.00013
"v_parent[7]",0.53108,0.0141193,0.892985,-0.965363,0.546476,1.96734,4000,1.76134,1.0008
"v_ad_sigma",0.117233,0.00208717,0.0682381,0.0307536,0.106659,0.243786,1068.9,0.470674,1.00343
"v_ad_platform_mean[1]",0.385529,0.0135366,0.856132,-1.00261,0.38715,1.75928,4000,1.76134,0.999689
"v_ad_platform_mean[2]",-0.29735,0.016717,1.05728,-1.99612,-0.299584,1.44034,4000,1.76134,0.999704
"v_ad_platform_mean[3]",-0.292608,0.0136758,0.864931,-1.70664,-0.294503,1.14246,4000,1.76134,0.999592
"v_ad_platform_mean[4]",-0.89148,0.0186082,0.964743,-2.37956,-0.934091,0.771801,2687.9,1.18357,0.99978
"v_ad_platform_mean[5]",-0.138895,0.01402,0.886702,-1.58864,-0.150599,1.32891,4000,1.76134,1.00014
"v_ad_platform_mean[6]",0.537226,0.0148858,0.94146,-1.0155,0.564239,2.06756,4000,1.76134,1.00019
"v_ad_platform_mean[7]",0.192452,0.0139501,0.882283,-1.2544,0.200353,1.66454,4000,1.76134,0.999494
"v_ad_platform_mean[8]",0.378049,0.0153418,0.970298,-1.21742,0.388922,1.95996,4000,1.76134,0.999814
"v_ad_platform_mean[9]",0.172926,0.013313,0.84199,-1.25074,0.186211,1.57575,4000,1.76134,0.999476
"v_ad_platform_sigma[1]",0.939805,0.0260527,1.25344,0.0490083,0.587734,2.87457,2314.74,1.01926,0.99978
"v_ad_platform_sigma[2]",16.6675,0.801334,24.1307,2.84461,10.6897,47.6903,906.807,0.399298,1.00328
"v_ad_platform_sigma[3]",0.947675,0.0253372,1.34549,0.0537997,0.594718,2.81476,2819.97,1.24173,1.00021
"v_ad_platform_sigma[4]",2.17879,0.152613,4.72088,0.0804937,1.11316,7.16443,956.886,0.421349,1.00429
"v_ad_platform_sigma[5]",0.788767,0.0158076,0.999763,0.0389839,0.503615,2.38006,4000,1.76134,1.00015
"v_ad_platform_sigma[6]",1.58171,0.0566382,2.47194,0.108059,0.970834,4.65494,1904.83,0.838761,1.00035
"v_ad_platform_sigma[7]",0.841217,0.0191183,1.06334,0.0452533,0.540222,2.51253,3093.44,1.36214,0.999914
"v_ad_platform_sigma[8]",1.35915,0.0330693,1.83854,0.0708524,0.790652,4.52494,3090.98,1.36106,1.00033
"v_ad_platform_sigma[9]",0.779163,0.0150848,0.954044,0.0424278,0.521696,2.31828,4000,1.76134,0.999997
"v_ad_platform_g[1,1]",0.384112,0.0153857,0.973076,-1.27619,0.393488,1.96875,4000,1.76134,0.999158
"v_ad_platform_g[1,2]",-0.13386,0.0148936,0.941953,-1.69958,-0.138372,1.42525,4000,1.76134,1.00032
"v_ad_platform_g[2,1]",-0.735464,0.0151667,0.577346,-1.69057,-0.716979,0.154454,1449.08,0.638079,1.00435
"v_ad_platform_g[2,2]",-1.48666,0.0156314,0.714889,-2.65908,-1.47308,-0.371567,2091.6,0.921003,1.00036
"v_ad_platform_g[3,1]",-0.165399,0.0153371,0.970002,-1.75708,-0.180656,1.47562,4000,1.76134,0.999428
"v_ad_platform_g[3,2]",-0.00771303,0.0149234,0.943838,-1.54916,-0.00361002,1.57212,4000,1.76134,0.999499
"v_ad_platform_g[4,1]",-0.300023,0.0141609,0.895612,-1.73791,-0.33284,1.26743,4000,1.76134,0.999673
"v_ad_platform_g[4,2]",-0.717569,0.0149778,0.947281,-2.19192,-0.769678,0.936835,4000,1.76134,0.999704
"v_ad_platform_g[5,1]",-0.0422769,0.0151145,0.955926,-1.61627,-0.0414719,1.51519,4000,1.76134,0.999674
"v_ad_platform_g[5,2]",-0.0412835,0.0153364,0.969961,-1.64026,-0.0487345,1.60093,4000,1.76134,0.999457
"v_ad_platform_g[6,1]",0.374125,0.015236,0.96361,-1.28641,0.398666,1.93253,4000,1.76134,0.999451
"v_ad_platform_g[6,2]",0.16921,0.014722,0.931101,-1.40809,0.165038,1.69113,4000,1.76134,0.999319
"v_ad_platform_g[7,1]",-0.0764949,0.0151603,0.958822,-1.67107,-0.0655155,1.44591,4000,1.76134,0.999343
"v_ad_platform_g[7,2]",0.177577,0.0152016,0.961433,-1.41251,0.180303,1.76573,4000,1.76134,0.999703
"v_ad_platform_g[8,1]",-0.0133456,0.0149203,0.943645,-1.60149,0.00360183,1.5534,4000,1.76134,0.999812
"v_ad_platform_g[8,2]",0.409134,0.015666,0.990807,-1.27503,0.446897,1.97241,4000,1.76134,0.999265
"v_ad_platform_g[9,1]",-0.0766403,0.0149235,0.943845,-1.63221,-0.0811327,1.4503,4000,1.76134,0.999894
"v_ad_platform_g[9,2]",0.187948,0.0147506,0.932907,-1.38878,0.218989,1.69038,4000,1.76134,0.999727
"v_ad_platform_sigma_g[1,1]",1.85007,0.0895998,5.1782,0.0708401,0.839172,6.61735,3339.98,1.4707,1.00045
"v_ad_platform_sigma_g[1,2]",1.43929,0.052409,2.89919,0.0575173,0.733933,4.65536,3060.14,1.34748,0.999551
"v_ad_platform_sigma_g[2,1]",0.91005,0.0310922,1.19247,0.0950563,0.646824,2.41802,1470.94,0.647704,1.00264
"v_ad_platform_sigma_g[2,2]",1.08626,0.0614372,2.32157,0.0548847,0.565275,3.6719,1427.92,0.62876,1.00247
"v_ad_platform_sigma_g[3,1]",1.49027,0.0451366,2.45846,0.0702394,0.747368,5.14386,2966.66,1.30632,1.00009
"v_ad_platform_sigma_g[3,2]",2.26407,0.0819317,4.56275,0.0736504,0.998985,7.85143,3101.34,1.36562,0.999086
"v_ad_platform_sigma_g[4,1]",1.38581,0.11564,5.27916,0.064627,0.696197,4.03678,2084.07,0.917688,1.00093
"v_ad_platform_sigma_g[4,2]",2.76761,0.146569,6.36534,0.077538,1.08788,10.9038,1886.07,0.830499,1.00303
"v_ad_platform_sigma_g[5,1]",1.787,0.102992,4.19408,0.059436,0.808231,6.09398,1658.3,0.730207,1.00078
"v_ad_platform_sigma_g[5,2]",1.71019,0.0887676,3.98241,0.0860833,0.838209,5.32957,2012.71,0.886266,1.00028
"v_ad_platform_sigma_g[6,1]",1.64459,0.11288,4.70832,0.0668983,0.781566,4.92156,1739.79,0.766089,1.00214
"v_ad_platform_sigma_g[6,2]",4.24512,0.334511,17.0817,0.142911,1.88543,12.8368,2607.61,1.14822,1.00124
"v_ad_platform_sigma_g[7,1]",1.78701,0.0797399,3.75135,0.075225,0.852623,5.93807,2213.21,0.974553,1.002
"v_ad_platform_sigma_g[7,2]",1.65421,0.0619295,3.45733,0.0778882,0.809467,5.47042,3116.64,1.37236,1.00031
"v_ad_platform_sigma_g[8,1]",1.7013,0.062499,3.49503,0.0680288,0.821232,5.61012,3127.21,1.37701,0.999412
"v_ad_platform_sigma_g[8,2]",1.9858,0.0908275,4.62593,0.0687419,0.872662,7.17337,2593.96,1.14221,1.00088
"v_ad_platform_sigma_g[9,1]",1.57909,0.0555318,3.0212,0.068143,0.822815,5.22591,2959.89,1.30334,0.999906
"v_ad_platform_sigma_g[9,2]",1.60357,0.0575713,3.28285,0.0632355,0.79373,5.65207,3251.55,1.43177,1.00034
"v_ad_platform_film[1,1]",-0.111919,0.0154436,0.976739,-1.72947,-0.110599,1.50448,4000,1.76134,1.00002
"v_ad_platform_film[1,2]",-0.0953107,0.0148629,0.818194,-1.35619,-0.149395,1.31402,3030.43,1.3344,1.00045
"v_ad_platform_film[1,3]",0.318861,0.0159623,1.00954,-1.40445,0.354572,1.91165,4000,1.76134,0.999441
"v_ad_platform_film[1,4]",-0.0266632,0.0133155,0.842148,-1.37646,-0.0563641,1.44582,4000,1.76134,0.999213
"v_ad_platform_film[1,5]",-0.100552,0.0149658,0.946519,-1.68332,-0.0766376,1.43961,4000,1.76134,0.999497
"v_ad_platform_film[1,6]",-0.472731,0.0141071,0.89221,-1.90241,-0.508968,1.05629,4000,1.76134,1.00037
"v_ad_platform_film[1,7]",0.0169747,0.0153991,0.973925,-1.59834,-0.00019144,1.60779,4000,1.76134,0.999937
"v_ad_platform_film[1,8]",0.211188,0.0159836,1.01089,-1.49477,0.247315,1.83618,4000,1.76134,0.999827
"v_ad_platform_film[1,9]",0.0593799,0.0153194,0.968881,-1.56317,0.0517735,1.67739,4000,1.76134,1.00016
"v_ad_platform_film[2,1]",0.301722,0.0158186,1.00045,-1.35907,0.316896,1.92953,4000,1.76134,0.999208
"v_ad_platform_film[2,2]",0.0261815,0.0134304,0.680931,-1.05491,0.0209428,1.15681,2570.58,1.13192,1.00209
"v_ad_platform_film[2,3]",0.0208744,0.0151077,0.955496,-1.56683,0.0212512,1.57418,4000,1.76134,0.999316
"v_ad_platform_film[2,4]",-0.140145,0.0151548,0.958476,-1.6716,-0.163168,1.43186,4000,1.76134,0.999786
"v_ad_platform_film[2,5]",-0.0277673,0.0151814,0.960158,-1.61573,-0.0440563,1.58079,4000,1.76134,0.999979
"v_ad_platform_film[2,6]",0.252659,0.0152916,0.967129,-1.37361,0.26474,1.82515,4000,1.76134,0.999892
"v_ad_platform_film[2,7]",0.194307,0.0157076,0.993439,-1.45482,0.205094,1.80065,4000,1.76134,0.999522
"v_ad_platform_film[2,8]",-0.0634976,0.0154993,0.980263,-1.64785,-0.070939,1.56698,4000,1.76134,0.999616
"v_ad_platform_film[2,9]",-0.205721,0.015533,0.982392,-1.8112,-0.231455,1.45588,4000,1.76134,0.999998
"v_ad_platform_film[3,1]",-0.0141364,0.0152136,0.962194,-1.6095,-0.00199375,1.57464,4000,1.76134,0.999644
"v_ad_platform_film[3,2]",0.353182,0.0152233,0.719343,-0.745673,0.316796,1.59665,2232.82,0.983187,1.00122
"v_ad_platform_film[3,3]",-0.0752726,0.0155526,0.983632,-1.69402,-0.0968326,1.58017,4000,1.76134,0.999723
"v_ad_platform_film[3,4]",0.212979,0.0150068,0.949114,-1.3654,0.199723,1.77382,4000,1.76134,0.999623
"v_ad_platform_film[3,5]",-0.154543,0.0155376,0.982686,-1.76483,-0.149243,1.49563,4000,1.76134,1.00037
"v_ad_platform_film[3,6]",-0.131888,0.0150853,0.954078,-1.69209,-0.141641,1.42395,4000,1.76134,0.999848
"v_ad_platform_film[3,7]",-0.0736232,0.0145917,0.922861,-1.58891,-0.0695873,1.41668,4000,1.76134,0.999439
"v_ad_platform_film[3,8]",-0.0849182,0.0154954,0.980012,-1.6857,-0.080327,1.54609,4000,1.76134,1.00025
"v_ad_platform_film[3,9]",0.0963393,0.0153457,0.97055,-1.49214,0.109219,1.66518,4000,1.76134,0.999365
"v_ad_platform_film[4,1]",0.130395,0.015233,0.963423,-1.49048,0.142778,1.74455,4000,1.76134,0.999934
"v_ad_platform_film[4,2]",-0.9664,0.0122595,0.775357,-2.27282,-0.947238,0.288112,4000,1.76134,1.00137
"v_ad_platform_film[4,3]",-0.129985,0.0155112,0.981013,-1.73634,-0.135899,1.49304,4000,1.76134,0.999899
"v_ad_platform_film[4,4]",-0.322598,0.0150067,0.949109,-1.84334,-0.362502,1.3101,4000,1.76134,0.999331
"v_ad_platform_film[4,5]",0.0959372,0.0152238,0.962841,-1.53236,0.1121,1.66472,4000,1.76134,1.00006
"v_ad_platform_film[4,6]",0.238878,0.0145701,0.921491,-1.31675,0.277493,1.70723,4000,1.76134,0.999375
"v_ad_platform_film[4,7]",-0.194076,0.0154408,0.976563,-1.81903,-0.213953,1.41242,4000,1.76134,0.9996
"v_ad_platform_film[4,8]",0.139107,0.015453,0.977333,-1.46404,0.148479,1.74351,4000,1.76134,0.999815
"v_ad_platform_film[4,9]",0.0165788,0.0149573,0.945981,-1.5317,0.0117541,1.56054,4000,1.76134,1.00019
"v_ad_platform_film[5,1]",-0.10434,0.0145992,0.923334,-1.62955,-0.100861,1.42524,4000,1.76134,0.999293
"v_ad_platform_film[5,2]",-0.131333,0.0130583,0.825881,-1.42902,-0.171833,1.28859,4000,1.76134,1.0003
"v_ad_platform_film[5,3]",-0.360762,0.015247,0.964304,-1.89587,-0.385436,1.24827,4000,1.76134,0.999746
"v_ad_platform_film[5,4]",-0.100868,0.0142091,0.867309,-1.52585,-0.125217,1.34956,3725.74,1.64057,0.999681
"v_ad_platform_film[5,5]",-0.0822551,0.0154348,0.976185,-1.67957,-0.0795409,1.58361,4000,1.76134,0.999263
"v_ad_platform_film[5,6]",0.77122,0.0192542,0.898958,-0.839477,0.822878,2.12331,2179.86,0.959866,1.00001
"v_ad_platform_film[5,7]",0.183347,0.0149875,0.947894,-1.39203,0.209831,1.70558,4000,1.76134,0.999304
"v_ad_platform_film[5,8]",0.0874468,0.0159025,1.00576,-1.55245,0.086965,1.73054,4000,1.76134,0.999465
"v_ad_platform_film[5,9]",0.126322,0.0151655,0.959151,-1.44952,0.14474,1.65901,4000,1.76134,0.99991
"v_ad_platform_film[6,1]",0.113936,0.0155641,0.984363,-1.52338,0.117793,1.71243,4000,1.76134,0.999702
"v_ad_platform_film[6,2]",-0.0588388,0.0131044,0.828795,-1.33809,-0.0973024,1.39143,4000,1.76134,1.00017
"v_ad_platform_film[6,3]",0.0109268,0.0150257,0.950308,-1.54431,0.00283857,1.57377,4000,1.76134,0.999693
"v_ad_platform_film[6,4]",-0.770325,0.016121,1.01958,-2.37151,-0.852414,0.992335,4000,1.76134,1.00012
"v_ad_platform_film[6,5]",0.15815,0.0154712,0.978485,-1.48737,0.177316,1.75365,4000,1.76134,1.0002
"v_ad_platform_film[6,6]",-0.38126,0.0142013,0.898169,-1.84063,-0.387905,1.14044,4000,1.76134,0.999206
"v_ad_platform_film[6,7]",0.115604,0.0152491,0.964438,-1.47249,0.110473,1.68893,4000,1.76134,0.999777
"v_ad_platform_film[6,8]",0.0949128,0.0151095,0.955611,-1.47322,0.0933661,1.66289,4000,1.76134,0.999641
"v_ad_platform_film[6,9]",-0.0973632,0.0155879,0.985863,-1.6862,-0.107126,1.55501,4000,1.76134,0.99973
"v_ad_platform_film[7,1]",-0.0392456,0.0157137,0.99382,-1.67876,-0.0316496,1.62499,4000,1.76134,0.9998
"v_ad_platform_film[7,2]",-0.929977,0.0153331,0.825739,-2.21117,-0.959054,0.485564,2900.19,1.27705,1.00015
"v_ad_platform_film[7,3]",-0.0713716,0.0152354,0.963571,-1.67402,-0.0575574,1.50158,4000,1.76134,0.999694
"v_ad_platform_film[7,4]",-0.149225,0.0145632,0.921057,-1.62684,-0.144615,1.34246,4000,1.76134,0.999591
"v_ad_platform_film[7,5]",-0.0134803,0.0154442,0.976776,-1.60354,-0.0253538,1.61596,4000,1.76134,0.999482
"v_ad_platform_film[7,6]",0.359029,0.0141881,0.897332,-1.17712,0.39592,1.75222,4000,1.76134,0.999668
"v_ad_platform_film[7,7]",-0.137618,0.0154409,0.976569,-1.76157,-0.142895,1.4755,4000,1.76134,0.999313
"v_ad_platform_film[7,8]",0.03981,0.0155335,0.982425,-1.61374,0.039827,1.63951,4000,1.76134,0.999672
"v_ad_platform_film[7,9]",0.0999309,0.0158685,1.00361,-1.52026,0.110248,1.77311,4000,1.76134,1.00017
"v_film_sigma",0.436161,0.00693701,0.308159,0.103064,0.363346,1.03662,1973.36,0.868937,1.00285
"v_film_g_sigma[1]",1.3277,0.0363194,1.45107,0.221331,0.9686,3.49966,1596.24,0.702878,1.00072
"v_film_g_sigma[2]",1.76912,0.0379592,1.71926,0.418345,1.27271,4.67498,2051.4,0.9033,1.00229
"v_film_g[1]",0.0896382,0.0137833,0.755797,-1.17078,0.1006,1.33066,3006.79,1.32399,1.00023
"v_film_g[2]",0.000983249,0.0131359,0.735208,-1.20225,-0.00185011,1.18308,3132.57,1.37938,1.00015
"v_film_s[1]",0.444497,0.0122595,0.563108,-0.44403,0.434308,1.37229,2109.78,0.929008,1.00113
"v_film_s[2]",0.963918,0.0137261,0.73347,-0.15896,0.947136,2.1989,2855.41,1.25733,0.999999
"v_film_s[3]",-0.232173,0.012558,0.67973,-1.3497,-0.21552,0.872253,2929.74,1.29006,0.999367
"v_film_s[4]",-0.681456,0.0135691,0.718178,-1.91838,-0.658182,0.442559,2801.33,1.23352,1.00207
"v_film_s[5]",1.05883,0.0125014,0.631313,0.0727958,1.0229,2.15335,2550.19,1.12293,1.00111
"v_film_s[6]",-0.881836,0.0126375,0.64505,-2.0225,-0.850232,0.0886593,2605.35,1.14722,1.00108
"v_film_s[7]",-0.672731,0.0118153,0.637035,-1.78408,-0.652758,0.315921,2906.93,1.28002,1.00031
# Inference for Stan model: lei_lta_model
# 4 chains: each with iter=(1000,1000,1000,1000); warmup=(1000,1000,1000,1000); thin=(1,1,1,1); 8000 iterations saved.
#
# Warmup took (760, 726, 766, 751) seconds, 50 seconds total
# Sampling took (571, 570, 565, 565) seconds, 38 seconds total
#
# Samples were drawn using hmc with nuts.
# For each parameter, N_Eff is a crude measure of effective sample size,
# and R_hat is the potential scale reduction factor on split chains (at 
# convergence, R_hat=1).
