name,Mean,MCSE,StdDev,5%,50%,95%,N_Eff,N_Eff/s,R_hat
"lp__",-1899.41,0.276459,11.0165,-1917.95,-1899.2,-1881.77,1587.9,inf,1.00084
"accept_stat__",0.87659,0.00481323,0.16941,0.534728,0.936511,0.99659,1238.82,inf,0.999927
"stepsize__",0.0630566,2.84565e-15,2.01248e-15,0.0630566,0.0630566,0.0630566,0.500149,inf,0.999801
"treedepth__",5.99024,0.00286227,0.176578,6,6,6,3805.82,inf,1.00002
"n_leapfrog__",62.8564,0.0448551,2.59947,63,63,63,3358.52,inf,0.999993
"divergent__",0.00418243,0.000910862,0.0645428,0,0,0,5021,inf,0.99981
"energy__",1982.97,0.370553,14.4169,1959.49,1982.72,2006.83,1513.71,inf,1.00067
"b",0.0280895,0.00516104,0.286814,-0.434601,0.0334923,0.491021,3088.34,inf,0.999818
"v_age_sigma",0.231838,0.002905,0.155639,0.0690076,0.195073,0.519385,2870.42,inf,1.00004
"v_age_g[1]",-0.998068,0.0111994,0.674785,-2.13721,-0.975556,0.0434135,3630.31,inf,0.999852
"v_age_g[2]",0.181715,0.00988953,0.570245,-0.773639,0.172665,1.15727,3324.84,inf,0.999804
"v_age_sigma_g[1]",0.981466,0.0482736,2.11207,0.0530103,0.565276,2.9942,1914.25,inf,1.00074
"v_age_sigma_g[2]",1.08558,0.0187353,1.0053,0.141112,0.837466,2.86204,2879.2,inf,0.999921
"v_age[1]",1.01681,0.0120939,0.751027,-0.178075,1.01239,2.25544,3856.39,inf,0.99992
"v_age[2]",-0.735056,0.0121244,0.859125,-2.10104,-0.759262,0.745552,5021,inf,0.999838
"v_age[3]",-0.0305892,0.0134705,0.835518,-1.36184,-0.0567554,1.38058,3847.19,inf,0.999964
"v_age[4]",0.0420866,0.011744,0.832171,-1.28408,0.0238616,1.42858,5021,inf,1.00027
"v_age[5]",-0.30031,0.0106509,0.687219,-1.4596,-0.273584,0.786255,4163.13,inf,1.00003
"v_age[6]",0.147862,0.0108055,0.765668,-1.13137,0.159187,1.40313,5021,inf,1.00005
"v_age[7]",-0.628526,0.0115284,0.816891,-1.9452,-0.641435,0.752992,5021,inf,0.999869
"v_gender_sigma",0.268087,0.00323251,0.183608,0.0589447,0.229245,0.59698,3226.31,inf,1.00018
"v_gender_g[1]",0.876894,0.0096732,0.685433,-0.190884,0.837541,2.0519,5021,inf,1.00091
"v_gender_g[2]",-0.809902,0.00929657,0.658746,-1.92327,-0.786674,0.20757,5021,inf,0.999802
"v_gender_sigma_g[1]",0.808891,0.029576,1.5658,0.0358552,0.452067,2.50168,2802.79,inf,1.00012
"v_gender_sigma_g[2]",0.771862,0.0165562,0.976524,0.0443233,0.498589,2.33088,3478.93,inf,1.00009
"v_gender[1]",-0.374064,0.0128607,0.911296,-1.84391,-0.386417,1.1215,5021,inf,0.999963
"v_gender[2]",0.286231,0.0129236,0.915754,-1.24699,0.322434,1.73802,5021,inf,1.00078
"v_gender[3]",0.177731,0.0122714,0.869538,-1.25823,0.201481,1.59683,5021,inf,0.999832
"v_gender[4]",0.0942595,0.0128255,0.908803,-1.42225,0.107296,1.57141,5021,inf,1.00095
"v_gender[5]",0.193037,0.0124649,0.883252,-1.27385,0.202633,1.62947,5021,inf,1.00012
"v_gender[6]",-0.236461,0.0132678,0.940143,-1.75476,-0.260379,1.35198,5021,inf,0.999801
"v_gender[7]",-0.131144,0.0135567,0.960614,-1.69034,-0.123463,1.45282,5021,inf,0.999868
"v_parent_sigma",0.429793,0.0060011,0.284976,0.13499,0.360045,0.933122,2255.05,inf,1.00006
"v_parent_g[1]",0.600366,0.0148921,0.782999,-0.724466,0.615901,1.82592,2764.47,inf,1.00127
"v_parent_g[2]",0.720216,0.00931929,0.579049,-0.13413,0.674531,1.73459,3860.69,inf,0.999823
"v_parent_sigma_g[1]",2.1733,0.0439182,2.10094,0.485187,1.57476,5.74968,2288.44,inf,0.999809
"v_parent_sigma_g[2]",0.751137,0.0192441,1.07442,0.0511653,0.510843,2.14776,3117.11,inf,1.00003
"v_parent[1]",-0.381941,0.0117785,0.834612,-1.75241,-0.379189,1.01489,5021,inf,0.999865
"v_parent[2]",-0.765881,0.0130477,0.674755,-1.98396,-0.678339,0.18632,2674.39,inf,1.00046
"v_parent[3]",0.603886,0.0126103,0.593171,-0.331204,0.584433,1.60797,2212.65,inf,0.999961
"v_parent[4]",1.09265,0.0129178,0.644119,0.0973747,1.06345,2.19424,2486.3,inf,0.999803
"v_parent[5]",0.430621,0.0116801,0.827643,-0.940494,0.433817,1.79398,5021,inf,0.999819
"v_parent[6]",-0.114405,0.011926,0.845067,-1.51483,-0.096879,1.23042,5021,inf,0.999964
"v_parent[7]",0.533273,0.0129183,0.915376,-0.990412,0.562364,1.97729,5021,inf,1.00018
"v_ad_sigma",0.119642,0.0014414,0.0639344,0.0346456,0.109749,0.241273,1967.44,inf,0.999813
"v_ad_platform_mean[1]",0.389691,0.0119149,0.844277,-1.00935,0.411863,1.7357,5021,inf,0.999986
"v_ad_platform_mean[2]",-0.318962,0.0142314,1.00843,-1.97233,-0.333101,1.33499,5021,inf,1.00011
"v_ad_platform_mean[3]",-0.303857,0.0120719,0.855405,-1.73291,-0.301135,1.10572,5021,inf,0.999827
"v_ad_platform_mean[4]",-0.930486,0.0131375,0.930909,-2.43146,-0.951305,0.638107,5021,inf,1.00015
"v_ad_platform_mean[5]",-0.158165,0.0121609,0.861708,-1.57333,-0.155989,1.25164,5021,inf,0.999894
"v_ad_platform_mean[6]",0.534488,0.0128663,0.911691,-1.02593,0.559766,2.00283,5021,inf,1.00006
"v_ad_platform_mean[7]",0.190057,0.0121463,0.860672,-1.20343,0.202555,1.55873,5021,inf,0.999886
"v_ad_platform_mean[8]",0.386085,0.0141367,1.00171,-1.32346,0.403159,2.0293,5021,inf,0.999969
"v_ad_platform_mean[9]",0.168607,0.012076,0.855691,-1.24643,0.161534,1.58572,5021,inf,0.999835
"v_ad_platform_sigma[1]",0.929928,0.0196096,1.26547,0.0509293,0.599317,2.80389,4164.53,inf,1.00027
"v_ad_platform_sigma[2]",15.1082,0.417694,19.7249,2.77578,10.4287,40.6615,2230.05,inf,0.999805
"v_ad_platform_sigma[3]",0.905562,0.0167777,1.08765,0.0512519,0.584659,2.70674,4202.55,inf,1.00042
"v_ad_platform_sigma[4]",2.00359,0.0613728,2.97695,0.0925274,1.06996,6.77235,2352.83,inf,0.999962
"v_ad_platform_sigma[5]",0.794491,0.0130738,0.926398,0.0454959,0.520228,2.52191,5021,inf,0.999946
"v_ad_platform_sigma[6]",1.60479,0.0415698,2.09307,0.106871,1.00654,4.93481,2535.18,inf,1.00413
"v_ad_platform_sigma[7]",0.832961,0.0168452,1.03194,0.0484167,0.53223,2.4785,3752.76,inf,1.00017
"v_ad_platform_sigma[8]",1.32935,0.0317115,1.93811,0.0687343,0.778209,4.11747,3735.3,inf,0.999904
"v_ad_platform_sigma[9]",0.817947,0.0145943,0.996031,0.0482376,0.527154,2.54958,4657.79,inf,1.00018
"v_ad_platform_g[1,1]",0.385541,0.0135444,0.959743,-1.27417,0.389328,1.93903,5021,inf,0.999805
"v_ad_platform_g[1,2]",-0.145392,0.0133216,0.943958,-1.70454,-0.153383,1.41018,5021,inf,1.00012
"v_ad_platform_g[2,1]",-0.712639,0.0132541,0.583686,-1.66767,-0.701226,0.178448,1939.36,inf,1.00007
"v_ad_platform_g[2,2]",-1.47747,0.0136182,0.740413,-2.68336,-1.46825,-0.320286,2956.01,inf,0.999996
"v_ad_platform_g[3,1]",-0.184754,0.0137765,0.976191,-1.81205,-0.210647,1.44498,5021,inf,1.00002
"v_ad_platform_g[3,2]",-0.0205016,0.0130793,0.926789,-1.51703,-0.0229844,1.49823,5021,inf,1.00003
"v_ad_platform_g[4,1]",-0.256232,0.0125654,0.890375,-1.67578,-0.290667,1.22826,5021,inf,0.999808
"v_ad_platform_g[4,2]",-0.701984,0.0133253,0.944218,-2.14537,-0.752932,0.961541,5021,inf,0.999985
"v_ad_platform_g[5,1]",-0.0639567,0.0134989,0.956516,-1.63292,-0.074903,1.5398,5021,inf,0.999822
"v_ad_platform_g[5,2]",-0.0613192,0.0133782,0.947963,-1.62966,-0.04083,1.48529,5021,inf,0.999838
"v_ad_platform_g[6,1]",0.354266,0.0126737,0.898046,-1.17575,0.387649,1.78779,5021,inf,1.00028
"v_ad_platform_g[6,2]",0.180904,0.0126391,0.895596,-1.30554,0.193158,1.61588,5021,inf,0.999851
"v_ad_platform_g[7,1]",-0.0798029,0.0130508,0.924763,-1.6181,-0.0612377,1.47758,5021,inf,0.999834
"v_ad_platform_g[7,2]",0.171362,0.0137887,0.977056,-1.46683,0.176802,1.77217,5021,inf,0.999801
"v_ad_platform_g[8,1]",-0.0181786,0.0135889,0.962893,-1.61779,-0.0265337,1.5711,5021,inf,0.999852
"v_ad_platform_g[8,2]",0.374515,0.0142112,1.00699,-1.31034,0.390526,2.02625,5021,inf,0.999803
"v_ad_platform_g[9,1]",-0.0978053,0.0132428,0.938375,-1.63442,-0.113205,1.43591,5021,inf,0.99993
"v_ad_platform_g[9,2]",0.194059,0.0131805,0.933958,-1.35448,0.197623,1.71342,5021,inf,1.00004
"v_ad_platform_sigma_g[1,1]",1.75266,0.0566084,3.50275,0.0683111,0.847595,5.96347,3828.74,inf,0.999808
"v_ad_platform_sigma_g[1,2]",1.36894,0.039159,2.4213,0.0625609,0.743269,4.41447,3823.25,inf,0.999806
"v_ad_platform_sigma_g[2,1]",0.914787,0.030893,1.27226,0.0660264,0.627028,2.52748,1696.02,inf,1.0009
"v_ad_platform_sigma_g[2,2]",1.1034,0.0530445,2.07151,0.0556211,0.539368,4.02135,1525.08,inf,1.00085
"v_ad_platform_sigma_g[3,1]",1.53752,0.0610085,3.84685,0.0739134,0.773801,4.74129,3975.86,inf,0.999832
"v_ad_platform_sigma_g[3,2]",2.26703,0.0975544,6.37337,0.0834025,1.0262,7.80242,4268.19,inf,0.999945
"v_ad_platform_sigma_g[4,1]",1.21252,0.0359131,2.05116,0.0618851,0.683153,3.83995,3262.09,inf,1.00021
"v_ad_platform_sigma_g[4,2]",2.70181,0.127795,6.98157,0.0865257,1.05134,9.5669,2984.56,inf,0.999832
"v_ad_platform_sigma_g[5,1]",1.7555,0.131236,8.32318,0.064487,0.797605,5.3779,4022.26,inf,0.999935
"v_ad_platform_sigma_g[5,2]",1.63209,0.0509621,3.34091,0.0609204,0.832852,5.38238,4297.7,inf,1.00026
"v_ad_platform_sigma_g[6,1]",1.43836,0.0421939,2.70202,0.0537609,0.733291,4.88157,4100.89,inf,1.00113
"v_ad_platform_sigma_g[6,2]",3.69263,0.120677,6.62959,0.136457,1.76962,13.516,3018.02,inf,0.99986
"v_ad_platform_sigma_g[7,1]",1.85344,0.0672288,3.81363,0.0783163,0.864466,6.36544,3217.86,inf,0.999867
"v_ad_platform_sigma_g[7,2]",1.6887,0.0510133,3.153,0.0681361,0.840408,5.78402,3820.17,inf,1.00003
"v_ad_platform_sigma_g[8,1]",1.70248,0.0567703,3.68435,0.0706095,0.817743,5.97841,4211.92,inf,1.00008
"v_ad_platform_sigma_g[8,2]",2.06275,0.0991249,6.60907,0.0674683,0.868552,7.36809,4445.44,inf,1.0001
"v_ad_platform_sigma_g[9,1]",1.6196,0.0612204,3.73411,0.0746493,0.817188,5.09868,3720.33,inf,1.00014
"v_ad_platform_sigma_g[9,2]",1.66897,0.0727583,3.74608,0.0655421,0.799991,5.61078,2650.87,inf,0.999827
"v_ad_platform_film[1,1]",-0.114635,0.0137521,0.974462,-1.70298,-0.117546,1.50313,5021,inf,1.00007
"v_ad_platform_film[1,2]",-0.0871781,0.0139048,0.812428,-1.35123,-0.136608,1.29269,3413.8,inf,0.999862
"v_ad_platform_film[1,3]",0.346725,0.0138546,0.981722,-1.33962,0.37551,1.90061,5021,inf,0.999886
"v_ad_platform_film[1,4]",-0.0125832,0.0117923,0.835592,-1.40841,-0.0160872,1.35448,5021,inf,0.999814
"v_ad_platform_film[1,5]",-0.0945744,0.0135184,0.957899,-1.63225,-0.114068,1.50449,5021,inf,0.999905
"v_ad_platform_film[1,6]",-0.483817,0.0126611,0.897154,-1.90296,-0.512375,1.06569,5021,inf,1.00115
"v_ad_platform_film[1,7]",0.0098578,0.0135725,0.961731,-1.55825,0.0207647,1.56824,5021,inf,0.999814
"v_ad_platform_film[1,8]",0.237132,0.0142643,1.01075,-1.46812,0.265621,1.84321,5021,inf,1.00029
"v_ad_platform_film[1,9]",0.0522566,0.0134634,0.954003,-1.54002,0.0596887,1.59896,5021,inf,0.999834
"v_ad_platform_film[2,1]",0.309372,0.013965,0.989543,-1.35263,0.329659,1.8903,5021,inf,1.00004
"v_ad_platform_film[2,2]",0.0105552,0.0114623,0.705456,-1.09602,-0.0172761,1.21855,3787.85,inf,1.00013
"v_ad_platform_film[2,3]",0.0201666,0.0132668,0.94007,-1.52909,0.00965363,1.56625,5021,inf,1.00029
"v_ad_platform_film[2,4]",-0.130619,0.0132426,0.938359,-1.63695,-0.151561,1.42275,5021,inf,0.999871
"v_ad_platform_film[2,5]",-0.000333069,0.013785,0.976793,-1.59129,-0.00631931,1.61516,5021,inf,0.999904
"v_ad_platform_film[2,6]",0.246258,0.0133835,0.948339,-1.34155,0.255984,1.80279,5021,inf,1.00006
"v_ad_platform_film[2,7]",0.2005,0.0137076,0.971309,-1.4151,0.206989,1.7528,5021,inf,0.999803
"v_ad_platform_film[2,8]",-0.0792618,0.0134749,0.954815,-1.65067,-0.088937,1.52693,5021,inf,1.00002
"v_ad_platform_film[2,9]",-0.233112,0.0141711,1.00415,-1.84267,-0.239683,1.43111,5021,inf,0.99981
"v_ad_platform_film[3,1]",-0.00684452,0.0137068,0.971251,-1.64253,-0.015622,1.59997,5021,inf,0.999833
"v_ad_platform_film[3,2]",0.335798,0.0130469,0.743118,-0.787747,0.289691,1.63003,3244.15,inf,0.999856
"v_ad_platform_film[3,3]",-0.0818754,0.0135054,0.956981,-1.66445,-0.0871103,1.4799,5021,inf,0.999901
"v_ad_platform_film[3,4]",0.216207,0.0130703,0.926148,-1.34622,0.23144,1.68401,5021,inf,0.999803
"v_ad_platform_film[3,5]",-0.16316,0.0134537,0.953314,-1.7212,-0.171618,1.44278,5021,inf,0.999906
"v_ad_platform_film[3,6]",-0.148649,0.0134537,0.953314,-1.71051,-0.151807,1.41381,5021,inf,1.00006
"v_ad_platform_film[3,7]",-0.0631291,0.0133288,0.944465,-1.60599,-0.0662139,1.4654,5021,inf,0.999802
"v_ad_platform_film[3,8]",-0.104986,0.0139592,0.989135,-1.72976,-0.113931,1.54839,5021,inf,0.999859
"v_ad_platform_film[3,9]",0.096979,0.0139129,0.985858,-1.53147,0.10775,1.71483,5021,inf,0.999802
"v_ad_platform_film[4,1]",0.123482,0.0133429,0.945465,-1.43232,0.159669,1.66943,5021,inf,0.999801
"v_ad_platform_film[4,2]",-0.937399,0.0110757,0.784816,-2.20724,-0.937347,0.34603,5021,inf,0.999865
"v_ad_platform_film[4,3]",-0.114126,0.0136615,0.96804,-1.70563,-0.112175,1.47331,5021,inf,0.999879
"v_ad_platform_film[4,4]",-0.331364,0.0134274,0.951449,-1.86805,-0.358893,1.28268,5021,inf,0.999827
"v_ad_platform_film[4,5]",0.118353,0.0140999,0.999108,-1.54376,0.129353,1.76937,5021,inf,0.999805
"v_ad_platform_film[4,6]",0.216311,0.0131376,0.930916,-1.32991,0.23371,1.75876,5021,inf,0.999905
"v_ad_platform_film[4,7]",-0.228732,0.0137698,0.975713,-1.82968,-0.233406,1.3949,5021,inf,0.999807
"v_ad_platform_film[4,8]",0.159896,0.0143293,1.01536,-1.54488,0.167105,1.83652,5021,inf,0.9999
"v_ad_platform_film[4,9]",0.0157017,0.0140252,0.993809,-1.61746,0.0214052,1.65844,5021,inf,0.999843
"v_ad_platform_film[5,1]",-0.099193,0.0134913,0.955982,-1.63612,-0.0986137,1.47234,5021,inf,0.999835
"v_ad_platform_film[5,2]",-0.116081,0.0127117,0.833593,-1.41918,-0.155206,1.32044,4300.31,inf,1.00023
"v_ad_platform_film[5,3]",-0.374357,0.0139158,0.986059,-1.93442,-0.406147,1.24009,5021,inf,0.999845
"v_ad_platform_film[5,4]",-0.0774058,0.0122704,0.869469,-1.51218,-0.101484,1.40179,5021,inf,0.999908
"v_ad_platform_film[5,5]",-0.0841901,0.0135949,0.963319,-1.67772,-0.0769236,1.46675,5021,inf,1.00037
"v_ad_platform_film[5,6]",0.799611,0.0124699,0.883602,-0.79765,0.849878,2.16295,5021,inf,1.0008
"v_ad_platform_film[5,7]",0.199767,0.0138206,0.979317,-1.44161,0.215924,1.77313,5021,inf,0.999887
"v_ad_platform_film[5,8]",0.0857712,0.0134777,0.955018,-1.47629,0.104661,1.63684,5021,inf,0.999872
"v_ad_platform_film[5,9]",0.178275,0.0135641,0.961137,-1.45679,0.187944,1.72574,5021,inf,0.999847
"v_ad_platform_film[6,1]",0.133552,0.0140348,0.994493,-1.51513,0.137553,1.75588,5021,inf,1.00032
"v_ad_platform_film[6,2]",-0.0403701,0.0115676,0.819669,-1.33944,-0.0787309,1.35575,5021,inf,0.999807
"v_ad_platform_film[6,3]",0.0207998,0.0130457,0.924403,-1.50802,0.0423636,1.52432,5021,inf,1.00014
"v_ad_platform_film[6,4]",-0.778169,0.0145505,1.03104,-2.3512,-0.854336,1.0438,5021,inf,1.00006
"v_ad_platform_film[6,5]",0.148359,0.0143492,1.01677,-1.52663,0.148208,1.7785,5021,inf,0.999874
"v_ad_platform_film[6,6]",-0.370758,0.0127008,0.899964,-1.81914,-0.388175,1.16854,5021,inf,0.99982
"v_ad_platform_film[6,7]",0.119576,0.013947,0.988272,-1.55819,0.135398,1.73397,5021,inf,1.00017
"v_ad_platform_film[6,8]",0.0844586,0.013718,0.972043,-1.51199,0.0846316,1.68465,5021,inf,1.00022
"v_ad_platform_film[6,9]",-0.0979198,0.0142056,1.00659,-1.69759,-0.108003,1.58818,5021,inf,0.999826
"v_ad_platform_film[7,1]",-0.0318873,0.0136441,0.966808,-1.59807,-0.0439773,1.54475,5021,inf,0.999852
"v_ad_platform_film[7,2]",-0.928806,0.0137502,0.832985,-2.21417,-0.968194,0.51733,3669.93,inf,1.00009
"v_ad_platform_film[7,3]",-0.048095,0.0136117,0.964514,-1.65795,-0.0491771,1.56146,5021,inf,0.999862
"v_ad_platform_film[7,4]",-0.111545,0.0131593,0.932455,-1.63132,-0.130022,1.46261,5021,inf,0.999801
"v_ad_platform_film[7,5]",-0.0183218,0.0139216,0.986471,-1.66407,-0.018327,1.63125,5021,inf,0.999801
"v_ad_platform_film[7,6]",0.367498,0.0129586,0.918232,-1.19,0.405952,1.85888,5021,inf,1.00022
"v_ad_platform_film[7,7]",-0.160623,0.0142563,1.01019,-1.84302,-0.168862,1.52931,5021,inf,0.99995
"v_ad_platform_film[7,8]",0.00475965,0.0136958,0.970472,-1.60127,0.00683131,1.61055,5021,inf,0.999806
"v_ad_platform_film[7,9]",0.116648,0.0142983,1.01316,-1.56005,0.121937,1.75658,5021,inf,0.999801
"v_film_sigma",0.431344,0.00634362,0.299248,0.0987397,0.360272,1.01703,2225.29,inf,0.999994
"v_film_g_sigma[1]",1.38355,0.0312273,1.69331,0.241506,0.968686,3.76122,2940.4,inf,0.999945
"v_film_g_sigma[2]",1.76319,0.046292,1.98346,0.407899,1.29312,4.41947,1835.84,inf,0.99996
"v_film_g[1]",0.0553025,0.0119041,0.759172,-1.19743,0.073056,1.31183,4067.15,inf,0.999808
"v_film_g[2]",-0.0181062,0.0122274,0.769338,-1.3112,-0.0118107,1.24371,3958.81,inf,0.999807
"v_film_s[1]",0.456263,0.010285,0.569692,-0.434851,0.427513,1.42331,3068.12,inf,1.00093
"v_film_s[2]",0.982635,0.0110172,0.722287,-0.128678,0.966399,2.18864,4298.12,inf,0.999833
"v_film_s[3]",-0.214784,0.0114428,0.678345,-1.32023,-0.185975,0.855647,3514.29,inf,0.99983
"v_film_s[4]",-0.668158,0.013296,0.717547,-1.92715,-0.632162,0.455208,2912.44,inf,0.999931
"v_film_s[5]",1.06558,0.010632,0.63136,0.0996769,1.02892,2.14998,3526.37,inf,1.00049
"v_film_s[6]",-0.872862,0.0118547,0.661309,-2.01383,-0.83316,0.133638,3111.91,inf,0.999801
"v_film_s[7]",-0.69645,0.0111094,0.664332,-1.83803,-0.664612,0.340145,3575.93,inf,0.999813
# Inference for Stan model: lei_lta_model
# 1 chains: each with iter=(5021); warmup=(1000); thin=(1); 6021 iterations saved.
#
# Warmup took (0.00) seconds, 0.00 seconds total
# Sampling took (0.00) seconds, 0.00 seconds total
#
# Samples were drawn using hmc with nuts.
# For each parameter, N_Eff is a crude measure of effective sample size,
# and R_hat is the potential scale reduction factor on split chains (at 
# convergence, R_hat=1).
